,district,provisional_male,provisional_female,provisional_total,full_male,full_female,full_total
1,AA03,0,0,0,1,0,1
2,AA78,0,0,0,0,1,1
3,AB01,79,86,165,247,163,410
4,AB02,27,36,63,122,65,187
5,AB03,6,9,15,40,51,91
6,AB04,3,4,7,36,34,70
7,AB05,1,4,5,32,30,62
8,AB09,31,18,49,68,12,80
9,AB10,1454,1537,2991,7537,5965,13502
10,AB11,1842,1983,3825,6466,4228,10694
11,AB12,1205,1585,2790,10531,9256,19787
12,AB13,95,118,213,1385,1334,2719
13,AB14,227,267,494,1930,1799,3729
14,AB15,1426,1810,3236,15358,14326,29684
15,AB16,2242,2956,5198,8441,6282,14723
16,AB18,0,0,0,0,1,1
17,AB21,896,1091,1987,9031,7861,16892
18,AB22,577,790,1367,6333,5720,12053
19,AB23,429,486,915,4745,4185,8930
20,AB24,3033,3172,6205,9429,5846,15275
21,AB25,1479,1369,2848,5169,3677,8846
22,AB28,0,0,0,1,0,1
23,AB29,0,1,1,1,0,1
24,AB30,217,281,498,2952,2650,5602
25,AB31,480,536,1016,6452,6074,12526
26,AB32,447,515,962,5645,5443,11088
27,AB33,130,172,302,2331,2105,4436
28,AB34,157,229,386,2217,2091,4308
29,AB35,114,118,232,988,919,1907
30,AB36,20,21,41,231,210,441
31,AB37,37,48,85,540,469,1009
32,AB38,120,186,306,1747,1516,3263
33,AB39,659,789,1448,6800,6434,13234
34,AB41,632,891,1523,8546,7893,16439
35,AB42,1524,1823,3347,12504,10761,23265
36,AB43,1062,1329,2391,8312,7201,15513
37,AB44,204,236,440,1357,1186,2543
38,AB45,425,521,946,4084,3568,7652
39,AB49,0,0,0,1,0,1
40,AB51,1017,1285,2302,13890,12782,26672
41,AB52,118,174,292,2101,1941,4042
42,AB53,362,466,828,4891,4259,9150
43,AB54,393,512,905,4341,3819,8160
44,AB55,285,442,727,3441,2912,6353
45,AB56,663,758,1421,5078,4555,9633
46,AL01,1877,2020,3897,13924,12318,26242
47,AL02,907,1037,1944,9515,8945,18460
48,AL03,1135,1333,2468,11036,10427,21463
49,AL04,976,1151,2127,10763,10407,21170
50,AL05,1053,1208,2261,12195,11901,24096
51,AL06,341,359,700,5075,4925,10000
52,AL07,1966,2369,4335,12053,10725,22778
53,AL08,579,693,1272,5000,4767,9767
54,AL09,401,453,854,4897,4454,9351
55,AL10,3109,2763,5872,11160,7877,19037
56,B00,2,0,2,0,0,0
57,B01,856,729,1585,1981,1034,3015
58,B02,77,62,139,109,43,152
59,B03,158,153,311,588,393,981
60,B04,261,144,405,271,86,357
61,B05,1266,1317,2583,2802,1696,4498
62,B05O,0,0,0,1,1,2
63,B06,2635,2810,5445,4419,2209,6628
64,B07,1028,1333,2361,1686,929,2615
65,B08,4837,5332,10169,9604,5090,14694
66,B09,2698,3332,6030,5506,3032,8538
67,B09O,0,0,0,1,0,1
68,B10,3226,3528,6754,5996,2995,8991
69,B11,5298,5816,11114,10862,5634,16496
70,B12,2696,2710,5406,4373,2124,6497
71,B13,2965,3432,6397,12223,9407,21630
72,B14,3205,3859,7064,12991,10685,23676
73,B15,1540,1571,3111,4900,3672,8572
74,B16,2738,2864,5602,6111,3611,9722
75,B17,1650,1990,3640,8426,7073,15499
76,B18,1968,2468,4436,3478,2107,5585
77,B19,3024,3237,6261,4095,2070,6165
78,B20,3780,4217,7997,9915,6711,16626
79,B21,4321,4498,8819,6946,3850,10796
80,B22,0,0,0,1,0,1
81,B23,3797,4766,8563,12408,9219,21627
82,B24,2197,2703,4900,8757,6649,15406
83,B25,1467,1826,3293,4639,3152,7791
84,B26,2021,2579,4600,11233,8661,19894
85,B27,2117,2594,4711,7539,5381,12920
86,B28,1760,2280,4040,10924,8875,19799
87,B29,3160,3653,6813,9485,7210,16695
88,B30,1930,2366,4296,8879,8006,16885
89,B31,4050,5361,9411,16849,13770,30619
90,B32,2921,4102,7023,11166,8842,20008
91,B33,2882,3856,6738,9666,6883,16549
92,B34,1364,1791,3155,5771,4467,10238
93,B35,845,1154,1999,2385,1921,4306
94,B36,2408,3337,5745,11559,9082,20641
95,B37,2903,3629,6532,10416,8182,18598
96,B38,1502,2029,3531,5979,5016,10995
97,B41,1,0,1,1,0,1
98,B42,1521,2023,3544,7781,6264,14045
99,B43,1369,1832,3201,10627,8990,19617
100,B44,2761,3692,6453,10683,8346,19029
101,B45,1920,2600,4520,10608,8880,19488
102,B46,422,483,905,5124,4684,9808
103,B47,285,313,598,3967,3839,7806
104,B48,180,180,360,2417,2215,4632
105,B49,341,456,797,4129,3899,8028
106,B50,200,218,418,2322,2190,4512
107,B60,933,1085,2018,10376,9753,20129
108,B61,1051,1235,2286,9250,8413,17663
109,B62,993,1280,2273,9126,7929,17055
110,B63,1687,2229,3916,12739,10743,23482
111,B64,986,1300,2286,5288,4147,9435
112,B65,1448,2017,3465,7567,5785,13352
113,B66,2748,3204,5952,5279,2977,8256
114,B67,2813,3367,6180,8603,5872,14475
115,B68,2154,2924,5078,10170,7699,17869
116,B69,2009,2669,4678,8914,6620,15534
117,B70,2708,3313,6021,7931,4802,12733
118,B71,2184,2805,4989,9364,6772,16136
119,B72,420,461,881,3886,3413,7299
120,B73,931,1087,2018,8917,8149,17066
121,B74,942,1127,2069,12951,12213,25164
122,B75,1115,1439,2554,9912,9388,19300
123,B76,956,920,1876,9067,7897,16964
124,B77,2778,3945,6723,19949,16809,36758
125,B78,972,1177,2149,9105,8013,17118
126,B79,962,1276,2238,8151,6800,14951
127,B80,270,263,533,2780,2527,5307
128,B90,1774,2075,3849,17991,16536,34527
129,B91,1213,1476,2689,13648,12812,26460
130,B92,1714,2061,3775,13986,12183,26169
131,B93,537,600,1137,7968,7828,15796
132,B94,162,184,346,3252,3122,6374
133,B95,190,211,401,2583,2510,5093
134,B96,118,143,261,2200,2089,4289
135,B97,1289,1633,2922,11919,10474,22393
136,B98,2902,3950,6852,17365,13992,31357
137,BA00,0,0,0,1,1,2
138,BA01,2337,2631,4968,13940,12625,26565
139,BA02,3890,4263,8153,23844,21399,45243
140,BA03,1401,1397,2798,13650,12587,26237
141,BA04,639,781,1420,7127,6456,13583
142,BA05,698,760,1458,6978,6648,13626
143,BA06,650,675,1325,5186,5003,10189
144,BA07,112,146,258,1393,1392,2785
145,BA08,122,179,301,1747,1673,3420
146,BA09,235,336,571,3165,2910,6075
147,BA10,150,195,345,1316,1265,2581
148,BA11,1352,1727,3079,12260,11399,23659
149,BA12,1178,1465,2643,11250,10180,21430
150,BA13,749,941,1690,7637,7017,14654
151,BA14,2231,2537,4768,18264,16502,34766
152,BA15,476,590,1066,5119,5128,10247
153,BA16,602,675,1277,4721,4290,9011
154,BA20,469,546,1015,4258,3570,7828
155,BA21,1606,2167,3773,12204,10231,22435
156,BA22,473,504,977,7229,6746,13975
157,BB00,0,0,0,1,0,1
158,BB01,4317,5739,10056,20813,14871,35684
159,BB02,3671,4562,8233,18907,14601,33508
160,BB03,1834,2369,4203,11505,9615,21120
161,BB04,1829,2451,4280,15124,13228,28352
162,BB05,3569,4573,8142,19965,15771,35736
163,BB06,641,788,1429,5420,4750,10170
164,BB07,1129,1259,2388,12687,11955,24642
165,BB08,1145,1418,2563,8013,6899,14912
166,BB09,2592,3300,5892,14337,10635,24972
167,BB10,2128,2707,4835,12566,9855,22421
168,BB11,1541,1967,3508,7074,5441,12515
169,BB12,1734,2069,3803,12188,10331,22519
170,BB18,677,886,1563,6220,5437,11657
171,BD00,0,0,0,1,0,1
172,BD01,531,383,914,900,336,1236
173,BD02,1776,2388,4164,9473,7422,16895
174,BD03,3315,3794,7109,7626,4143,11769
175,BD04,2280,3120,5400,8153,5926,14079
176,BD05,2794,3250,6044,6867,3780,10647
177,BD06,1758,2446,4204,9165,7402,16567
178,BD07,3308,3442,6750,8945,5238,14183
179,BD08,2738,3255,5993,7659,4350,12009
180,BD09,1972,2718,4690,7874,5402,13276
181,BD10,1390,1770,3160,8527,7435,15962
182,BD11,378,531,909,4000,3724,7724
183,BD12,909,1169,2078,5798,4781,10579
184,BD13,1108,1416,2524,9361,8308,17669
185,BD14,432,564,996,2772,2314,5086
186,BD15,838,1178,2016,5296,4324,9620
187,BD16,1065,1230,2295,9485,8655,18140
188,BD17,714,852,1566,6789,6073,12862
189,BD18,1619,2157,3776,8648,6980,15628
190,BD19,917,1149,2066,7800,6917,14717
191,BD20,1226,1588,2814,13698,12506,26204
192,BD21,1787,2441,4228,7163,4906,12069
193,BD22,1364,1835,3199,10326,8988,19314
194,BD23,1021,1280,2301,11558,10697,22255
195,BD24,190,225,415,2075,1888,3963
196,BD99,0,0,0,0,1,1
197,BH00,0,0,0,0,1,1
198,BH01,1888,1784,3672,6799,4507,11306
199,BH02,772,627,1399,3118,2099,5217
200,BH02O,0,0,0,1,0,1
201,BH03,298,311,609,2169,1799,3968
202,BH04,454,457,911,3778,3172,6950
203,BH05,704,692,1396,3752,3000,6752
204,BH06,972,1101,2073,8588,8225,16813
205,BH07,617,704,1321,4315,3855,8170
206,BH08,1844,1874,3718,9603,8106,17709
207,BH09,1581,1744,3325,10095,9177,19272
208,BH10,816,940,1756,7480,6795,14275
209,BH11,1025,1316,2341,7194,6340,13534
210,BH12,1876,2126,4002,12531,11059,23590
211,BH13,141,196,337,3379,3211,6590
212,BH14,932,945,1877,9365,8722,18087
213,BH15,1586,1767,3353,12335,10872,23207
214,BH16,591,804,1395,5988,5625,11613
215,BH17,884,1126,2010,8424,7925,16349
216,BH18,255,249,504,5076,4843,9919
217,BH19,427,589,1016,4414,3912,8326
218,BH20,1011,876,1887,8616,7429,16045
219,BH21,1078,1248,2326,16660,16456,33116
220,BH22,664,718,1382,11277,10805,22082
221,BH23,1838,1971,3809,20817,20097,40914
222,BH24,692,733,1425,9843,9607,19450
223,BH25,848,931,1779,9769,9583,19352
224,BH31,314,318,632,5373,5395,10768
225,BL00,620,794,1414,6629,6242,12871
226,BL01,4087,4551,8638,20855,16193,37048
227,BL02,2734,3309,6043,15204,12774,27978
228,BL03,4640,5548,10188,19993,14081,34074
229,BL04,2191,2828,5019,10558,7942,18500
230,BL05,1074,1319,2393,10159,9191,19350
231,BL06,1276,1523,2799,11417,10205,21622
232,BL07,434,525,959,6240,5977,12217
233,BL08,1449,1730,3179,13656,12362,26018
234,BL09,3120,3748,6868,16385,13072,29457
235,BN00,0,0,0,1,0,1
236,BN01,6499,6276,12775,26051,21591,47642
237,BN02,7349,7883,15232,27734,21831,49565
238,BN03,5537,5868,11405,27607,23337,50944
239,BN04,3,2,5,19,14,33
240,BN05,203,250,453,3018,3032,6050
241,BN06,655,656,1311,6888,6884,13772
242,BN07,1162,1469,2631,6949,6739,13688
243,BN08,518,581,1099,6395,6260,12655
244,BN09,780,1021,1801,4605,3878,8483
245,BN10,928,1179,2107,7047,6087,13134
246,BN11,2005,2215,4220,11010,9218,20228
247,BN12,809,958,1767,8170,7877,16047
248,BN13,1204,1339,2543,10535,9918,20453
249,BN14,1380,1592,2972,11337,10660,21997
250,BN15,1300,1572,2872,10156,8857,19013
251,BN16,864,979,1843,10998,10920,21918
252,BN17,1567,2029,3596,10711,9266,19977
253,BN18,554,522,1076,5271,5105,10376
254,BN19,0,0,0,5,1,6
255,BN20,828,998,1826,7760,7569,15329
256,BN21,1536,1658,3194,8250,6932,15182
257,BN22,1958,2459,4417,10851,9470,20321
258,BN23,1290,1723,3013,10153,9035,19188
259,BN24,257,301,558,3717,3587,7304
260,BN25,922,1219,2141,9055,8458,17513
261,BN26,403,473,876,4714,4418,9132
262,BN27,1133,1369,2502,11038,10386,21424
263,BN32,1,0,1,0,0,0
264,BN41,1401,1733,3134,6795,6144,12939
265,BN42,567,621,1188,3670,3233,6903
266,BN43,1235,1264,2499,8426,7814,16240
267,BN44,335,383,718,4070,4028,8098
268,BN45,26,25,51,244,221,465
269,BR00,0,0,0,2,0,2
270,BR01,4071,5019,9090,19716,17493,37209
271,BR02,2356,2709,5065,17611,16331,33942
272,BR03,2587,3010,5597,18209,16718,34927
273,BR04,919,855,1774,7599,7271,14870
274,BR05,2800,3680,6480,15887,14425,30312
275,BR06,2072,2361,4433,17969,17197,35166
276,BR07,684,846,1530,7103,6843,13946
277,BR08,1096,1414,2510,8333,7452,15785
278,BS00,0,0,0,1,0,1
279,BS01,898,844,1742,3308,1901,5209
280,BS02,1772,1797,3569,4407,2851,7258
281,BS03,2267,2678,4945,12534,10302,22836
282,BS04,3002,3913,6915,16284,13112,29396
283,BS05,4749,5265,10014,16910,12400,29310
284,BS06,2004,2065,4069,10466,9464,19930
285,BS07,2700,2852,5552,13503,11105,24608
286,BS08,1356,1437,2793,8485,7253,15738
287,BS09,1247,1338,2585,12234,11361,23595
288,BS10,1796,2418,4214,9295,7621,16916
289,BS11,1223,1507,2730,5928,4603,10531
290,BS12,23,14,37,127,62,189
291,BS13,1944,2667,4611,9343,7295,16638
292,BS14,1248,1536,2784,10631,9421,20052
293,BS15,1976,2395,4371,17698,15379,33077
294,BS16,3592,3982,7574,27598,24249,51847
295,BS17,19,18,37,114,85,199
296,BS18,17,15,32,109,90,199
297,BS19,6,9,15,68,56,124
298,BS20,940,1110,2050,12542,11652,24194
299,BS21,788,1023,1811,9106,8585,17691
300,BS22,1398,1799,3197,14471,12860,27331
301,BS23,2123,2501,4624,11865,9140,21005
302,BS24,658,870,1528,8067,7567,15634
303,BS25,191,158,349,2643,2487,5130
304,BS26,163,163,326,2048,2001,4049
305,BS27,217,238,455,2902,2794,5696
306,BS28,82,82,164,1424,1401,2825
307,BS29,82,101,183,1153,1014,2167
308,BS30,870,1105,1975,11596,10843,22439
309,BS31,729,879,1608,8006,7333,15339
310,BS32,887,1036,1923,9313,8412,17725
311,BS34,1561,1829,3390,11782,9977,21759
312,BS35,713,847,1560,9116,8432,17548
313,BS36,487,476,963,6560,6249,12809
314,BS37,1428,1752,3180,15167,13547,28714
315,BS38,0,0,0,1,0,1
316,BS39,438,518,956,6484,6021,12505
317,BS40,303,331,634,5454,5341,10795
318,BS41,179,189,368,2389,2289,4678
319,BS45,0,0,0,2,1,3
320,BS48,708,825,1533,9407,8913,18320
321,BS49,405,444,849,4618,4459,9077
322,BS51,0,0,0,1,0,1
323,BS53,0,0,0,1,0,1
324,BS57,0,0,0,1,0,1
325,BS67,0,0,0,0,1,1
326,BS94,0,1,1,0,0,0
327,BS99,1,0,1,1,1,2
328,C07,0,0,0,0,1,1
329,CA00,0,0,0,1,1,2
330,CA01,1389,1806,3195,7399,5871,13270
331,CA02,1960,2723,4683,12887,10250,23137
332,CA03,485,584,1069,5159,4659,9818
333,CA04,177,257,434,3894,3771,7665
334,CA05,185,214,399,2923,2809,5732
335,CA06,246,338,584,3851,3378,7229
336,CA07,676,924,1600,8791,7979,16770
337,CA08,290,408,698,4090,3726,7816
338,CA09,72,107,179,858,765,1623
339,CA10,332,439,771,5872,5465,11337
340,CA11,798,985,1783,8206,7245,15451
341,CA12,302,350,652,3040,2746,5786
342,CA13,449,615,1064,6005,5486,11491
343,CA14,1558,2175,3733,12482,10199,22681
344,CA15,733,977,1710,5623,4566,10189
345,CA16,136,205,341,2499,2322,4821
346,CA17,127,177,304,2019,1777,3796
347,CA18,7,6,13,123,116,239
348,CA19,30,34,64,464,414,878
349,CA20,86,99,185,1371,1208,2579
350,CA21,25,22,47,329,281,610
351,CA22,418,593,1011,3239,2596,5835
352,CA23,54,75,129,568,477,1045
353,CA24,34,56,90,411,323,734
354,CA25,305,398,703,1967,1561,3528
355,CA26,153,213,366,1348,1125,2473
356,CA27,48,63,111,655,583,1238
357,CA28,1382,1750,3132,9712,7824,17536
358,CB01,3522,3826,7348,16460,13878,30338
359,CB02,1405,1467,2872,7237,6401,13638
360,CB03,1119,1286,2405,6943,6323,13266
361,CB04,3542,3934,7476,16664,13803,30467
362,CB05,1022,1186,2208,5169,4326,9495
363,CB06,1238,1567,2805,14349,13014,27363
364,CB07,993,1155,2148,10170,9010,19180
365,CB08,1490,1622,3112,12139,11039,23178
366,CB09,1491,2012,3503,11333,9549,20882
367,CB10,516,609,1125,5444,5177,10621
368,CB11,656,747,1403,7148,6724,13872
369,CB19,0,0,0,1,0,1
370,CB21,405,429,834,4912,4583,9495
371,CB22,637,653,1290,7577,6804,14381
372,CB23,940,1099,2039,10561,9859,20420
373,CB24,965,1020,1985,10420,9507,19927
374,CB25,382,449,831,5469,4915,10384
375,CB52,0,0,0,1,0,1
376,CF00,1,0,1,1,1,2
377,CF01,93,71,164,190,74,264
378,CF02,50,45,95,171,58,229
379,CF03,2640,3417,6057,13148,11736,24884
380,CF04,50,41,91,204,149,353
381,CF05,3879,4791,8670,20669,18439,39108
382,CF06,88,76,164,170,84,254
383,CF07,15,11,26,83,66,149
384,CF08,59,54,113,207,141,348
385,CF10,1319,1076,2395,3800,2257,6057
386,CF11,3223,3014,6237,10756,7476,18232
387,CF14,3103,3538,6641,25906,24392,50298
388,CF15,584,660,1244,6992,6767,13759
389,CF18,0,1,1,0,0,0
390,CF23,2245,2886,5131,15788,14742,30530
391,CF24,4988,4338,9326,11528,7837,19365
392,CF31,1864,2386,4250,15906,14200,30106
393,CF32,1405,1826,3231,10622,8882,19504
394,CF33,742,1015,1757,5044,4196,9240
395,CF34,1026,1342,2368,6691,5182,11873
396,CF35,481,595,1076,6623,6040,12663
397,CF36,547,645,1192,6134,5669,11803
398,CF37,2202,2410,4612,12084,9581,21665
399,CF38,752,1046,1798,8697,7937,16634
400,CF39,1360,2009,3369,9540,7590,17130
401,CF40,1014,1484,2498,6537,4896,11433
402,CF41,498,720,1218,3531,2694,6225
403,CF42,699,935,1634,4259,3272,7531
404,CF43,696,994,1690,3658,2569,6227
405,CF44,1956,2819,4775,13367,10605,23972
406,CF45,1158,1574,2732,6013,4545,10558
407,CF46,638,891,1529,5151,4449,9600
408,CF47,1333,1847,3180,6646,4931,11577
409,CF48,1362,1924,3286,8946,7089,16035
410,CF61,489,587,1076,3715,3411,7126
411,CF62,1953,2443,4396,14318,13281,27599
412,CF63,1388,1695,3083,6521,5624,12145
413,CF64,1527,1771,3298,13492,12849,26341
414,CF71,223,221,444,3796,3736,7532
415,CF72,855,1116,1971,9710,9209,18919
416,CF81,937,1328,2265,5077,3719,8796
417,CF82,901,1225,2126,6915,5810,12725
418,CF83,2639,3438,6077,17868,15434,33302
419,CH01,2074,2466,4540,9481,7340,16821
420,CH02,1603,2000,3603,12702,11181,23883
421,CH03,1282,1361,2643,13616,12740,26356
422,CH04,1619,2002,3621,12119,11061,23180
423,CH05,2133,2693,4826,14949,12554,27503
424,CH06,886,1228,2114,5610,4635,10245
425,CH06R,0,0,0,1,0,1
426,CH07,1789,2351,4140,19047,17492,36539
427,CH08,900,1238,2138,7715,6599,14314
428,CH09,1,0,1,1,0,1
429,CH22,0,0,0,1,1,2
430,CH41,1738,1937,3675,4412,3108,7520
431,CH42,2475,2951,5426,8413,6728,15141
432,CH43,2107,2444,4551,12807,11125,23932
433,CH44,2316,2797,5113,8175,6319,14494
434,CH45,1717,2025,3742,10568,9369,19937
435,CH46,1514,1851,3365,8325,7162,15487
436,CH47,426,540,966,4079,3998,8077
437,CH48,599,604,1203,5773,5651,11424
438,CH49,1433,1808,3241,9964,9231,19195
439,CH60,341,321,662,5344,5295,10639
440,CH61,603,688,1291,6611,6442,13053
441,CH62,1568,1841,3409,9935,8759,18694
442,CH63,1241,1415,2656,10979,10464,21443
443,CH64,607,680,1287,7632,7226,14858
444,CH65,1923,2388,4311,8517,6861,15378
445,CH66,1555,1931,3486,12913,11694,24607
446,CM00,626,735,1361,6794,6021,12815
447,CM01,3052,3576,6628,23345,20615,43960
448,CM02,2508,3003,5511,22433,20152,42585
449,CM03,1691,2011,3702,22269,21004,43273
450,CM04,308,366,674,4398,4194,8592
451,CM05,342,397,739,4543,4290,8833
452,CM06,732,814,1546,10898,10407,21305
453,CM07,2239,2885,5124,18183,15570,33753
454,CM08,1567,2080,3647,11885,10327,22212
455,CM09,1232,1554,2786,13393,12192,25585
456,CM11,733,808,1541,7932,7408,15340
457,CM12,712,735,1447,8204,7796,16000
458,CM13,949,1095,2044,10005,9265,19270
459,CM14,905,1104,2009,7895,7088,14983
460,CM15,770,931,1701,9452,9023,18475
461,CM16,784,933,1717,9199,8521,17720
462,CM17,852,1093,1945,8542,7848,16390
463,CM18,1709,2139,3848,8535,6711,15246
464,CM19,1337,1627,2964,7755,6135,13890
465,CM20,1730,2162,3892,7790,5875,13665
466,CM21,352,437,789,4680,4241,8921
467,CM22,443,502,945,6147,5726,11873
468,CM23,1696,1925,3621,15654,14377,30031
469,CM24,276,292,568,3072,2787,5859
470,CM77,443,553,996,5969,5729,11698
471,CO00,1,1,2,0,0,0
472,CO01,1220,1367,2587,5331,4071,9402
473,CO01O,0,0,0,0,1,1
474,CO02,2162,2843,5005,12833,10582,23415
475,CO03,1321,1467,2788,11150,10161,21311
476,CO04,2791,3446,6237,16233,13604,29837
477,CO05,855,1047,1902,11522,10705,22227
478,CO06,879,992,1871,11489,10870,22359
479,CO07,1168,1341,2509,13405,12252,25657
480,CO08,64,78,142,979,928,1907
481,CO09,869,1068,1937,10004,9040,19044
482,CO10,1874,2313,4187,18274,16387,34661
483,CO11,426,538,964,5111,4733,9844
484,CO12,1032,1362,2394,8061,6625,14686
485,CO13,409,459,868,4894,4502,9396
486,CO14,281,360,641,2347,1944,4291
487,CO15,2262,2634,4896,15291,12545,27836
488,CO16,1058,1291,2349,9604,8326,17930
489,CR00,16201,18339,34540,50414,38964,89378
490,CR01,8,6,14,10,2,12
491,CR02,2958,3446,6404,18210,16291,34501
492,CR03,1265,1526,2791,11169,10569,21738
493,CR04,8115,8135,16250,20564,13929,34493
494,CR05,1365,1639,3004,11166,10584,21750
495,CR06,337,394,731,4025,3791,7816
496,CR07,6595,6602,13197,14356,10413,24769
497,CR08,1841,2055,3896,12507,11529,24036
498,CR09,57,48,105,93,47,140
499,CT00,0,0,0,0,1,1
500,CT01,2106,2360,4466,7860,6288,14148
501,CT02,1780,1965,3745,8559,7392,15951
502,CT03,769,964,1733,6719,6154,12873
503,CT04,600,672,1272,6963,6732,13695
504,CT05,1394,1536,2930,12429,11739,24168
505,CT06,1636,1909,3545,14328,13137,27465
506,CT07,402,525,927,4535,4108,8643
507,CT08,414,487,901,2570,2353,4923
508,CT09,3208,3612,6820,13540,11048,24588
509,CT10,1295,1439,2734,9046,8397,17443
510,CT11,2175,2390,4565,9561,7867,17428
511,CT12,1146,1356,2502,6183,5288,11471
512,CT13,403,434,837,3332,3031,6363
513,CT14,1697,2005,3702,12587,11159,23746
514,CT15,480,608,1088,5295,4784,10079
515,CT16,1283,1393,2676,6758,5325,12083
516,CT17,1372,1659,3031,6652,5251,11903
517,CT18,483,534,1017,5680,5322,11002
518,CT19,1839,2210,4049,9207,7612,16819
519,CT20,1405,1574,2979,7531,5785,13316
520,CT21,604,733,1337,6619,6234,12853
521,CV00,0,0,0,1,1,2
522,CV01,4107,3312,7419,6731,2939,9670
523,CV02,5284,6646,11930,20048,14644,34692
524,CV03,4194,5250,9444,23089,18350,41439
525,CV04,2299,2630,4929,10108,7964,18072
526,CV05,2355,2660,5015,17523,14853,32376
527,CV06,7144,8760,15904,27835,20168,48003
528,CV07,1098,1404,2502,11269,10130,21399
529,CV08,1075,1178,2253,12509,11858,24367
530,CV09,878,1112,1990,8297,7040,15337
531,CV10,2520,3505,6025,18183,15025,33208
532,CV11,1918,2302,4220,14398,11839,26237
533,CV12,1438,2009,3447,11156,9333,20489
534,CV13,250,327,577,4526,4253,8779
535,CV17,0,0,0,1,0,1
536,CV19,0,0,0,1,0,1
537,CV21,2267,2808,5075,13191,9899,23090
538,CV22,1505,1793,3298,13640,11982,25622
539,CV23,630,780,1410,9174,8486,17660
540,CV25,1,0,1,0,0,0
541,CV27,0,0,0,1,0,1
542,CV31,1854,2167,4021,10096,8053,18149
543,CV32,1522,1732,3254,11857,10251,22108
544,CV33,202,238,440,2721,2579,5300
545,CV34,1375,1641,3016,11681,10507,22188
546,CV35,656,800,1456,10513,10239,20752
547,CV36,274,320,594,3959,3721,7680
548,CV37,1626,1953,3579,16303,15318,31621
549,CV47,556,649,1205,6921,6414,13335
550,CW01,2322,2825,5147,13504,11215,24719
551,CW02,2009,2210,4219,14556,12337,26893
552,CW03,253,304,557,3728,3542,7270
553,CW04,264,284,548,4027,3953,7980
554,CW05,961,1037,1998,11594,10975,22569
555,CW06,272,361,633,5485,5314,10799
556,CW07,1732,2197,3929,11055,9393,20448
557,CW08,1251,1413,2664,14703,13612,28315
558,CW09,1241,1452,2693,12937,11590,24527
559,CW10,458,615,1073,6035,5493,11528
560,CW11,761,901,1662,9412,8799,18211
561,CW12,963,1141,2104,11710,10886,22596
562,D21,0,0,0,1,0,1
563,DA00,1,1,2,0,0,0
564,DA01,3549,4454,8003,19954,16347,36301
565,DA02,1013,1349,2362,8691,7815,16506
566,DA03,581,607,1188,7037,6734,13771
567,DA04,327,393,720,3823,3523,7346
568,DA05,868,930,1798,8105,7577,15682
569,DA06,541,640,1181,3701,3233,6934
570,DA07,1663,2064,3727,13012,11526,24538
571,DA08,2897,3640,6537,10812,8777,19589
572,DA09,654,737,1391,4864,4218,9082
573,DA10,427,574,1001,2326,1782,4108
574,DA11,2503,2998,5501,13185,10161,23346
575,DA12,3019,3561,6580,16603,13583,30186
576,DA13,368,417,785,6154,5876,12030
577,DA14,1096,1400,2496,7646,7001,14647
578,DA15,1254,1549,2803,10878,9742,20620
579,DA16,2098,2744,4842,13034,11057,24091
580,DA17,1369,1818,3187,5949,4723,10672
581,DA18,699,865,1564,1314,901,2215
582,DD01,1071,914,1985,2196,1455,3651
583,DD02,2624,3318,5942,12516,10681,23197
584,DD03,2677,3085,5762,10938,8477,19415
585,DD04,3233,4011,7244,12555,9937,22492
586,DD05,1020,1228,2248,12094,11547,23641
587,DD06,442,544,986,3468,3323,6791
588,DD07,434,616,1050,4713,4256,8969
589,DD08,1093,1426,2519,10654,9466,20120
590,DD09,520,674,1194,4041,3616,7657
591,DD10,910,1165,2075,7950,6811,14761
592,DD11,1352,1675,3027,9656,8114,17770
593,DE00,0,0,0,1,1,2
594,DE01,1260,1108,2368,3762,2136,5898
595,DE02,26,19,45,81,30,111
596,DE03,551,706,1257,6766,6140,12906
597,DE04,1137,1480,2617,13219,11878,25097
598,DE05,808,1141,1949,8306,7075,15381
599,DE06,700,858,1558,10325,9512,19837
600,DE07,2374,3171,5545,17371,14240,31611
601,DE11,1854,2431,4285,16280,14145,30425
602,DE12,713,856,1569,8137,7256,15393
603,DE13,1250,1731,2981,15576,14120,29696
604,DE14,2013,2401,4414,9773,6810,16583
605,DE15,1200,1504,2704,8309,6810,15119
606,DE19,0,0,0,0,1,1
607,DE21,2882,4019,6901,19647,16240,35887
608,DE22,2433,2956,5389,15093,12586,27679
609,DE23,4586,5156,9742,17872,13044,30916
610,DE24,3590,5045,8635,17472,13133,30605
611,DE31,0,0,0,1,0,1
612,DE40,0,0,0,1,0,1
613,DE44,0,0,0,0,1,1
614,DE45,217,292,509,3412,3239,6651
615,DE51,0,0,0,1,0,1
616,DE53,0,0,0,1,0,1
617,DE55,2008,2730,4738,18266,15422,33688
618,DE56,1268,1648,2916,15223,13874,29097
619,DE65,651,806,1457,8863,8357,17220
620,DE66,0,0,0,0,1,1
621,DE72,633,865,1498,8132,7528,15660
622,DE73,578,775,1353,7340,6850,14190
623,DE74,422,472,894,4645,4085,8730
624,DE75,829,1069,1898,6343,5286,11629
625,DG01,1142,1405,2547,9899,8904,18803
626,DG02,1289,1726,3015,7693,6766,14459
627,DG03,169,240,409,1788,1669,3457
628,DG04,228,343,571,1457,1083,2540
629,DG05,223,243,466,1965,1763,3728
630,DG06,259,294,553,1895,1760,3655
631,DG07,423,511,934,4748,4452,9200
632,DG08,492,702,1194,4757,4164,8921
633,DG09,806,999,1805,5628,4887,10515
634,DG10,181,195,376,1499,1331,2830
635,DG11,492,622,1114,5016,4493,9509
636,DG12,638,808,1446,4343,3671,8014
637,DG13,138,159,297,1100,952,2052
638,DG14,39,50,89,570,489,1059
639,DG16,141,196,337,1411,1189,2600
640,DH01,1949,2304,4253,13654,12017,25671
641,DH02,1329,1974,3303,10709,8842,19551
642,DH03,1218,1700,2918,8949,7320,16269
643,DH04,1581,2071,3652,11558,9518,21076
644,DH05,1036,1531,2567,6604,5092,11696
645,DH06,1501,2138,3639,11849,9762,21611
646,DH07,1809,2668,4477,14306,11956,26262
647,DH08,1702,2392,4094,13318,11286,24604
648,DH09,1949,2681,4630,11716,8926,20642
649,DH10,0,0,0,1,0,1
650,DL00,0,0,0,1,0,1
651,DL01,2745,3761,6506,14788,11226,26014
652,DL02,438,527,965,7008,6769,13777
653,DL03,2211,2777,4988,15065,12736,27801
654,DL04,605,767,1372,3013,2203,5216
655,DL05,1488,2072,3560,9840,8238,18078
656,DL06,523,667,1190,5859,5355,11214
657,DL07,365,477,842,5992,5724,11716
658,DL08,422,561,983,7791,7248,15039
659,DL09,1856,1240,3096,5182,3392,8574
660,DL10,622,815,1437,7073,6697,13770
661,DL11,101,133,234,2193,2092,4285
662,DL12,376,487,863,4626,4196,8822
663,DL13,414,594,1008,5451,4610,10061
664,DL14,1708,2313,4021,12720,10482,23202
665,DL15,914,1335,2249,7744,6370,14114
666,DL16,841,1160,2001,7302,6136,13438
667,DL17,864,1316,2180,5990,4625,10615
668,DN00,1,0,1,1,0,1
669,DN01,1022,877,1899,2357,1022,3379
670,DN02,1603,2092,3695,7643,5662,13305
671,DN03,1079,1527,2606,11041,9348,20389
672,DN04,2809,3626,6435,17718,13944,31662
673,DN05,1856,2575,4431,13534,11384,24918
674,DN06,1811,2433,4244,9720,7643,17363
675,DN07,1091,1574,2665,7589,6051,13640
676,DN08,965,1299,2264,5913,4427,10340
677,DN09,591,727,1318,8296,7810,16106
678,DN10,347,444,791,5154,4707,9861
679,DN11,1369,1836,3205,9705,8077,17782
680,DN12,1555,2063,3618,7026,5214,12240
681,DN14,1890,2784,4674,17029,14009,31038
682,DN15,2190,2578,4768,11941,9022,20963
683,DN16,1585,1969,3554,10400,8604,19004
684,DN17,1733,2199,3932,13052,10858,23910
685,DN18,518,743,1261,4382,3630,8012
686,DN19,202,244,446,2479,2209,4688
687,DN20,617,799,1416,7424,6539,13963
688,DN21,1726,2273,3999,13652,11681,25333
689,DN22,1386,1788,3174,13247,11784,25031
690,DN31,827,995,1822,2392,1449,3841
691,DN32,2395,2655,5050,7688,5530,13218
692,DN33,1241,1435,2676,6346,5275,11621
693,DN34,1123,1445,2568,6405,5063,11468
694,DN35,1945,2395,4340,11131,8890,20021
695,DN36,551,696,1247,7972,7284,15256
696,DN37,873,1123,1996,8061,7135,15196
697,DN38,89,112,201,1150,1016,2166
698,DN39,72,113,185,1164,964,2128
699,DN40,678,963,1641,4531,3431,7962
700,DN41,141,202,343,2580,2386,4966
701,DT00,0,0,0,0,1,1
702,DT01,853,1035,1888,7179,6589,13768
703,DT02,698,753,1451,10482,10178,20660
704,DT03,873,1038,1911,9236,8548,17784
705,DT04,2117,2381,4498,12916,10948,23864
706,DT05,708,850,1558,4260,3595,7855
707,DT06,737,863,1600,8495,8195,16690
708,DT07,216,243,459,2116,2042,4158
709,DT08,177,213,390,2408,2361,4769
710,DT09,669,837,1506,8127,7992,16119
711,DT10,331,361,692,4777,4597,9374
712,DT11,1163,1249,2412,12258,10844,23102
713,DY00,0,0,0,1,0,1
714,DY01,2015,2502,4517,10356,7983,18339
715,DY02,2343,3034,5377,10431,7528,17959
716,DY03,1312,1713,3025,12279,10492,22771
717,DY04,2953,3838,6791,12895,9311,22206
718,DY05,2123,2910,5033,13851,10960,24811
719,DY06,774,1050,1824,10914,9776,20690
720,DY07,195,224,419,3293,3191,6484
721,DY08,2031,2458,4489,18444,16271,34715
722,DY09,1311,1596,2907,10899,9407,20306
723,DY10,1619,2036,3655,13049,11532,24581
724,DY11,1382,1746,3128,11275,9622,20897
725,DY12,353,435,788,5032,4613,9645
726,DY13,786,1036,1822,8857,7867,16724
727,DY14,207,237,444,3583,3270,6853
728,E00,0,0,0,1,0,1
729,E01,11172,8299,19471,16992,8397,25389
730,E01H,0,1,1,0,0,0
731,E01L,1,0,1,0,0,0
732,E01O,0,0,0,0,1,1
733,E01V,0,0,0,1,0,1
734,E01W,1016,1166,2182,4509,2930,7439
735,E02,5610,5510,11120,11569,6864,18433
736,E02A,0,1,1,0,0,0
737,E02O,0,0,0,0,1,1
738,E03,6760,6714,13474,14439,9067,23506
739,E04,4378,5046,9424,22326,18705,41031
740,E05,7325,7407,14732,11818,7886,19704
741,E06,15793,12454,28247,23337,12030,35367
742,E07,12120,8504,20624,15843,8082,23925
743,E08,5570,5993,11563,10486,7279,17765
744,E09,5712,6323,12035,9415,6552,15967
745,E10,7629,6462,14091,14348,8055,22403
746,E11,6769,6505,13274,18317,13155,31472
747,E12,9116,6597,15713,12104,6268,18372
748,E13,9496,7506,17002,12854,6696,19550
749,E14,9543,9742,19285,24095,13972,38067
750,E15,8943,7892,16835,14889,8122,23011
751,E16,6781,7258,14039,13659,8123,21782
752,E17,14678,13753,28431,33107,21562,54669
753,E18,1285,1437,2722,7122,6096,13218
754,E19,0,0,0,1,0,1
755,E20,288,334,622,1101,644,1745
756,EC01,17,7,24,27,8,35
757,EC01A,75,57,132,356,180,536
758,EC01B,2,0,2,1,0,1
759,EC01H,1,0,1,0,1,1
760,EC01M,98,88,186,466,272,738
761,EC01N,317,314,631,676,348,1024
762,EC01P,2,2,4,4,0,4
763,EC01Q,1,0,1,0,0,0
764,EC01R,550,612,1162,1450,968,2418
765,EC01S,0,1,1,1,0,1
766,EC01U,2,0,2,0,0,0
767,EC01V,1560,1518,3078,3540,2058,5598
768,EC01Y,391,411,802,1026,604,1630
769,EC01Z,0,0,0,1,0,1
770,EC02,1,2,3,7,2,9
771,EC02A,114,89,203,541,271,812
772,EC02H,0,1,1,2,0,2
773,EC02M,21,7,28,192,38,230
774,EC02N,4,3,7,30,4,34
775,EC02P,0,0,0,10,2,12
776,EC02R,1,1,2,40,13,53
777,EC02U,0,0,0,1,0,1
778,EC02V,4,6,10,106,29,135
779,EC02Y,187,198,385,1437,978,2415
780,EC03,0,1,1,4,2,6
781,EC03A,12,4,16,66,8,74
782,EC03M,5,4,9,20,9,29
783,EC03N,25,26,51,124,54,178
784,EC03P,1,0,1,3,3,6
785,EC03R,10,4,14,48,22,70
786,EC03V,5,1,6,60,17,77
787,EC03Z,1,0,1,0,0,0
788,EC04,2,1,3,8,2,10
789,EC04A,50,18,68,159,88,247
790,EC04B,0,0,0,1,0,1
791,EC04H,0,0,0,1,0,1
792,EC04M,16,11,27,145,48,193
793,EC04N,6,2,8,79,20,99
794,EC04P,0,0,0,15,5,20
795,EC04R,6,6,12,41,18,59
796,EC04S,1,0,1,0,0,0
797,EC04V,24,23,47,158,101,259
798,EC04W,0,0,0,1,0,1
799,EC04Y,13,14,27,124,70,194
800,EC08Y,0,1,1,0,0,0
801,EC10,1,0,1,0,0,0
802,EC11,0,1,1,0,0,0
803,EC12,1,0,1,1,0,1
804,EC14,1,2,3,4,0,4
805,EC15,0,0,0,1,0,1
806,EC16,1,0,1,1,0,1
807,EC17,1,0,1,2,2,4
808,EC19,0,1,1,1,0,1
809,EC24,0,0,0,0,1,1
810,EC27,0,0,0,3,1,4
811,EC28,0,0,0,1,0,1
812,EC31,0,0,0,0,1,1
813,EC34,1,0,1,0,0,0
814,EC41,0,0,0,1,0,1
815,EC47,0,0,0,5,0,5
816,EC77,1,0,1,0,0,0
817,EH00,1,5,6,3,3,6
818,EH01,559,512,1071,1512,1046,2558
819,EH01U,0,1,1,0,0,0
820,EH02,114,99,213,456,270,726
821,EH03,1750,1811,3561,7258,6141,13399
822,EH03O,0,0,0,1,0,1
823,EH04,3606,4195,7801,17899,15823,33722
824,EH05,1452,1766,3218,6373,5266,11639
825,EH06,3102,3263,6365,11864,9355,21219
826,EH07,2652,2904,5556,9863,7799,17662
827,EH08,1747,1852,3599,5891,4594,10485
828,EH09,1265,1427,2692,6455,5914,12369
829,EH10,1830,1887,3717,13042,11487,24529
830,EH11,3537,3730,7267,10167,7368,17535
831,EH12,1849,2349,4198,14000,12919,26919
832,EH13,894,1020,1914,4801,4330,9131
833,EH14,2595,2894,5489,13004,11014,24018
834,EH15,1348,1533,2881,6801,6040,12841
835,EH16,2307,2703,5010,8719,7129,15848
836,EH17,1386,1825,3211,5732,4514,10246
837,EH18,104,134,238,862,786,1648
838,EH19,699,880,1579,5028,4698,9726
839,EH20,315,493,808,2264,1804,4068
840,EH21,1490,1873,3363,7851,6821,14672
841,EH22,1786,2336,4122,10566,8938,19504
842,EH23,454,642,1096,2933,2554,5487
843,EH24,71,120,191,621,556,1177
844,EH25,161,205,366,1200,1075,2275
845,EH26,886,1172,2058,6094,5319,11413
846,EH27,150,163,313,1070,1009,2079
847,EH28,153,197,350,1253,1073,2326
848,EH29,207,259,466,1821,1695,3516
849,EH30,476,660,1136,3536,3193,6729
850,EH31,84,102,186,997,963,1960
851,EH32,923,1236,2159,6872,6059,12931
852,EH33,649,856,1505,4746,4146,8892
853,EH34,78,92,170,1038,975,2013
854,EH35,93,154,247,789,639,1428
855,EH36,13,11,24,171,160,331
856,EH37,54,93,147,642,591,1233
857,EH38,12,16,28,171,177,348
858,EH39,387,462,849,3503,3362,6865
859,EH40,58,83,141,850,833,1683
860,EH41,504,638,1142,4392,4057,8449
861,EH42,469,602,1071,3890,3491,7381
862,EH43,43,61,104,278,260,538
863,EH44,107,165,272,1261,1173,2434
864,EH45,428,545,973,4048,3806,7854
865,EH46,128,145,273,1429,1441,2870
866,EH47,1422,2009,3431,8987,7225,16212
867,EH48,1685,2311,3996,13172,11295,24467
868,EH49,635,865,1500,6190,5626,11816
869,EH51,689,887,1576,5068,4405,9473
870,EH52,902,1290,2192,6975,5833,12808
871,EH53,444,607,1051,3959,3497,7456
872,EH54,3550,4696,8246,18290,15251,33541
873,EH55,413,531,944,2956,2430,5386
874,EN00,0,0,0,0,1,1
875,EN01,3328,4151,7479,15325,13143,28468
876,EN02,1583,2032,3615,10835,9712,20547
877,EN03,5701,7422,13123,17419,13009,30428
878,EN04,1460,1748,3208,9904,8919,18823
879,EN05,2465,3083,5548,14054,12629,26683
880,EN06,1232,1391,2623,11645,10886,22531
881,EN07,816,1007,1823,8628,8144,16772
882,EN08,2115,2618,4733,13299,10920,24219
883,EN09,1038,1308,2346,9641,8296,17937
884,EN10,714,876,1590,6754,6349,13103
885,EN11,957,1123,2080,8479,7444,15923
886,EX00,0,0,0,2,0,2
887,EX01,1201,1429,2630,6947,6096,13043
888,EX02,2049,2472,4521,14671,13257,27928
889,EX03,152,140,292,1898,1864,3762
890,EX04,3141,3650,6791,16064,13350,29414
891,EX05,561,729,1290,8801,8521,17322
892,EX06,379,435,814,6077,5790,11867
893,EX07,563,703,1266,4869,4479,9348
894,EX08,1681,2067,3748,13634,12448,26082
895,EX09,152,220,372,2694,2674,5368
896,EX10,527,661,1188,6644,6571,13215
897,EX11,239,286,525,3341,3322,6663
898,EX12,294,419,713,3720,3375,7095
899,EX13,380,472,852,4901,4713,9614
900,EX14,676,867,1543,8398,7760,16158
901,EX15,672,794,1466,8607,7976,16583
902,EX16,1257,1508,2765,12019,10987,23006
903,EX17,680,848,1528,7599,7061,14660
904,EX18,107,89,196,1317,1253,2570
905,EX19,64,105,169,1554,1428,2982
906,EX20,691,877,1568,8316,7552,15868
907,EX21,106,105,211,1875,1762,3637
908,EX22,309,366,675,4656,4078,8734
909,EX23,569,670,1239,6159,5711,11870
910,EX24,106,127,233,1491,1498,2989
911,EX31,850,1114,1964,9775,8831,18606
912,EX32,1329,1619,2948,8198,7143,15341
913,EX33,335,435,770,4041,3736,7777
914,EX34,879,1107,1986,6355,5403,11758
915,EX35,87,80,167,684,627,1311
916,EX36,285,344,629,3495,3180,6675
917,EX37,80,114,194,1620,1498,3118
918,EX38,304,388,692,3168,2864,6032
919,EX39,1557,1892,3449,14298,13041,27339
920,FK01,1459,1881,3340,9717,8065,17782
921,FK01O,0,0,0,0,1,1
922,FK02,2109,2779,4888,16996,14863,31859
923,FK03,990,1264,2254,5382,4352,9734
924,FK04,577,857,1434,4708,4101,8809
925,FK05,736,1032,1768,7068,6590,13658
926,FK06,662,917,1579,4753,3984,8737
927,FK07,1512,2169,3681,10300,9199,19499
928,FK08,1074,1157,2231,5956,5258,11214
929,FK09,604,746,1350,4397,3998,8395
930,FK10,1958,2667,4625,12308,10666,22974
931,FK11,91,121,212,1022,996,2018
932,FK12,246,293,539,1744,1492,3236
933,FK13,309,355,664,2156,1837,3993
934,FK14,179,211,390,1816,1747,3563
935,FK15,424,532,956,4108,3982,8090
936,FK16,78,95,173,925,851,1776
937,FK17,134,186,320,1427,1284,2711
938,FK18,5,7,12,97,85,182
939,FK19,18,27,45,246,212,458
940,FK20,29,43,72,168,126,294
941,FK21,39,49,88,391,334,725
942,FY00,0,0,0,4,3,7
943,FY01,3381,3450,6831,9385,5914,15299
944,FY02,1379,1557,2936,8142,6905,15047
945,FY03,2105,2596,4701,10226,8573,18799
946,FY04,2671,3327,5998,14559,11988,26547
947,FY05,1698,1994,3692,16594,14892,31486
948,FY06,778,976,1754,11120,10496,21616
949,FY07,1852,2091,3943,7995,6319,14314
950,FY08,1790,2024,3814,16869,15558,32427
951,G01,556,397,953,1452,803,2255
952,G02,315,184,499,623,258,881
953,G02O,0,1,1,0,0,0
954,G03,1819,1559,3378,4813,3095,7908
955,G03L,0,1,1,0,0,0
956,G04,1287,942,2229,2549,1361,3910
957,G05,1348,1181,2529,2918,1729,4647
958,G06,0,4,4,6,1,7
959,G07,1,0,1,4,4,8
960,G08,0,0,0,2,0,2
961,G09,0,0,0,3,0,3
962,G10,0,2,2,0,0,0
963,G11,1479,1585,3064,5907,5132,11039
964,G12,1707,1589,3296,8072,7242,15314
965,G13,2245,2614,4859,9618,8070,17688
966,G14,1530,1695,3225,4992,4071,9063
967,G15,1765,1991,3756,4001,3140,7141
968,G16,2,1,3,0,0,0
969,G17,0,0,0,0,1,1
970,G18,0,1,1,0,1,1
971,G19,1,0,1,1,0,1
972,G20,3017,3232,6249,7557,5718,13275
973,G21,3258,3572,6830,6411,4246,10657
974,G22,1901,2191,4092,3963,2758,6721
975,G23,552,758,1310,2133,1760,3893
976,G24,1,0,1,0,0,0
977,G25,0,2,2,1,0,1
978,G26,0,0,0,2,0,2
979,G29,0,0,0,1,0,1
980,G30,3,0,3,1,0,1
981,G31,2686,2861,5547,5596,3778,9374
982,G32,2588,3272,5860,10678,7984,18662
983,G33,3503,4156,7659,12014,9755,21769
984,G34,1093,1273,2366,1798,1226,3024
985,G35,1,1,2,0,0,0
986,G36,0,2,2,2,0,2
987,G37,0,0,0,1,1,2
988,G38,0,0,0,1,0,1
989,G39,0,0,0,0,1,1
990,G40,1238,1426,2664,2871,1870,4741
991,G41,2715,2810,5525,10642,8490,19132
992,G42,3553,3067,6620,8013,5297,13310
993,G43,1229,1345,2574,5253,4346,9599
994,G44,1780,2306,4086,9357,8285,17642
995,G45,1718,1951,3669,3289,2141,5430
996,G46,1715,1933,3648,8501,7803,16304
997,G47,1,1,2,3,1,4
998,G48,2,0,2,1,1,2
999,G49,0,0,0,4,0,4
1000,G50,2,0,2,1,1,2
1001,G51,2914,2819,5733,5712,3594,9306
1002,G52,2232,2839,5071,7962,6434,14396
1003,G53,2827,3357,6184,9313,7689,17002
1004,G54,2,0,2,2,0,2
1005,G55,0,3,3,1,2,3
1006,G56,1,1,2,1,0,1
1007,G57,0,1,1,0,0,0
1008,G58,0,0,0,1,0,1
1009,G59,0,0,0,0,1,1
1010,G60,260,312,572,1917,1814,3731
1011,G61,1089,1186,2275,11008,10829,21837
1012,G62,584,676,1260,5051,4964,10015
1013,G63,299,380,679,3782,3926,7708
1014,G64,1190,1521,2711,9810,9166,18976
1015,G65,798,1045,1843,4524,3713,8237
1016,G66,1943,2462,4405,13741,12416,26157
1017,G67,2662,3453,6115,10572,8151,18723
1018,G68,766,1011,1777,6900,6368,13268
1019,G69,1797,2286,4083,11778,10374,22152
1020,G70,0,0,0,1,3,4
1021,G71,1455,1871,3326,10323,9314,19637
1022,G72,2825,3588,6413,16018,13841,29859
1023,G73,2155,2681,4836,9748,8209,17957
1024,G74,1909,2402,4311,13143,11240,24383
1025,G75,2335,3198,5533,13382,11426,24808
1026,G76,935,1146,2081,8172,8006,16178
1027,G77,867,1001,1868,9576,9705,19281
1028,G78,1449,1782,3231,7730,6797,14527
1029,G80,1,0,1,0,0,0
1030,G81,2914,3722,6636,11233,9109,20342
1031,G82,1636,2023,3659,8679,7498,16177
1032,G83,1525,2048,3573,8125,6848,14973
1033,G84,1193,1464,2657,7818,7034,14852
1034,GL00,0,0,0,0,1,1
1035,GL01,2848,3053,5901,10881,7733,18614
1036,GL01D,0,0,0,0,1,1
1037,GL02,1871,2354,4225,21346,19651,40997
1038,GL03,1179,1590,2769,12100,11080,23180
1039,GL04,2333,2953,5286,17068,15151,32219
1040,GL05,1485,1589,3074,11530,10686,22216
1041,GL06,823,948,1771,10051,9712,19763
1042,GL07,1661,1929,3590,17293,16313,33606
1043,GL08,256,343,599,3421,3255,6676
1044,GL09,58,65,123,1117,1063,2180
1045,GL10,606,606,1212,5441,4838,10279
1046,GL11,597,779,1376,7166,6609,13775
1047,GL12,475,488,963,6007,5636,11643
1048,GL13,151,172,323,2495,2217,4712
1049,GL14,651,895,1546,5830,4908,10738
1050,GL15,746,937,1683,8358,7489,15847
1051,GL16,460,637,1097,5290,4827,10117
1052,GL17,396,535,931,4661,4187,8848
1053,GL18,265,351,616,3296,2962,6258
1054,GL19,233,230,463,3694,3563,7257
1055,GL20,1080,1211,2291,10969,9981,20950
1056,GL50,1206,1441,2647,7492,6226,13718
1057,GL51,2699,3384,6083,18104,15582,33686
1058,GL52,1993,2196,4189,16363,15374,31737
1059,GL53,789,813,1602,7660,7508,15168
1060,GL54,777,869,1646,9681,9307,18988
1061,GL55,153,182,335,2180,2218,4398
1062,GL56,320,367,687,3649,3588,7237
1063,GU00,0,0,0,0,1,1
1064,GU01,1812,1981,3793,11228,9778,21006
1065,GU02,2078,2207,4285,10729,8882,19611
1066,GU03,379,414,793,4790,4573,9363
1067,GU04,536,612,1148,6605,6575,13180
1068,GU05,338,437,775,4420,4465,8885
1069,GU06,581,565,1146,5757,5743,11500
1070,GU07,1064,1193,2257,8598,8245,16843
1071,GU08,584,634,1218,7139,7052,14191
1072,GU09,1093,1380,2473,11306,10753,22059
1073,GU10,670,749,1419,9616,9406,19022
1074,GU11,1663,2000,3663,8484,6504,14988
1075,GU12,1489,1872,3361,12173,10712,22885
1076,GU13,770,14,784,504,50,554
1077,GU14,2886,3377,6263,21254,18596,39850
1078,GU15,1804,1980,3784,14254,12791,27045
1079,GU16,1158,1006,2164,9950,8880,18830
1080,GU17,653,505,1158,4961,4124,9085
1081,GU18,151,194,345,3058,2983,6041
1082,GU19,226,216,442,2451,2347,4798
1083,GU20,122,121,243,1940,1977,3917
1084,GU21,2792,3218,6010,19397,16871,36268
1085,GU22,1720,2031,3751,14074,12543,26617
1086,GU23,214,230,444,2846,2803,5649
1087,GU24,881,780,1661,6955,6540,13495
1088,GU25,359,374,733,2738,2771,5509
1089,GU26,249,273,522,3086,2969,6055
1090,GU27,687,844,1531,7045,6752,13797
1091,GU28,252,268,520,2747,2667,5414
1092,GU29,305,422,727,3815,3879,7694
1093,GU30,351,393,744,3914,3796,7710
1094,GU31,389,461,850,4526,4367,8893
1095,GU32,524,614,1138,4476,4287,8763
1096,GU33,291,337,628,3366,3239,6605
1097,GU34,1113,1364,2477,12348,11580,23928
1098,GU35,1012,1207,2219,9499,8294,17793
1099,GU46,415,464,879,6239,5945,12184
1100,GU47,648,772,1420,7740,7229,14969
1101,GU51,720,781,1501,9448,8971,18419
1102,GU52,403,520,923,6925,6749,13674
1103,HA00,11179,8748,19927,18228,11041,29269
1104,HA01,4197,4415,8612,14448,10640,25088
1105,HA02,5463,6112,11575,21446,16147,37593
1106,HA03,7760,7765,15525,28999,21234,50233
1107,HA04,2576,3020,5596,19567,17431,36998
1108,HA05,2362,2684,5046,18167,16798,34965
1109,HA06,1156,1452,2608,9491,8819,18310
1110,HA07,2685,3030,5715,15239,12674,27913
1111,HA08,7883,7916,15799,26723,19654,46377
1112,HA09,8659,7069,15728,19011,12070,31081
1113,HD01,2389,2079,4468,5902,3550,9452
1114,HD02,1948,2587,4535,9125,7433,16558
1115,HD03,1411,1921,3332,10461,9252,19713
1116,HD04,1624,2204,3828,9476,7709,17185
1117,HD05,1701,2303,4004,9876,8246,18122
1118,HD06,1227,1549,2776,9419,8192,17611
1119,HD07,976,1294,2270,8303,7310,15613
1120,HD08,970,1257,2227,12716,11956,24672
1121,HD09,1286,1587,2873,13200,12133,25333
1122,HG01,1633,1966,3599,12357,11141,23498
1123,HG02,1385,1585,2970,11908,11458,23366
1124,HG03,881,1015,1896,10556,10195,20751
1125,HG04,933,1121,2054,9548,8831,18379
1126,HG05,610,725,1335,7214,6705,13919
1127,HP01,1211,1433,2644,9578,8609,18187
1128,HP02,2250,2919,5169,14344,12073,26417
1129,HP02U,0,0,0,1,0,1
1130,HP03,1456,1832,3288,12624,11210,23834
1131,HP04,850,848,1698,9548,9376,18924
1132,HP05,1214,1462,2676,9882,8940,18822
1133,HP06,579,619,1198,5702,5555,11257
1134,HP07,402,479,881,4332,4161,8493
1135,HP08,213,242,455,2936,2971,5907
1136,HP09,611,667,1278,7171,7227,14398
1137,HP10,588,667,1255,8087,7905,15992
1138,HP11,920,1057,1977,5362,4244,9606
1139,HP12,1392,1764,3156,8009,6205,14214
1140,HP13,2365,3000,5365,15681,13099,28780
1141,HP14,588,615,1203,7319,6914,14233
1142,HP15,438,518,956,7212,6970,14182
1143,HP16,332,409,741,4915,4917,9832
1144,HP17,276,318,594,4184,4110,8294
1145,HP18,523,613,1136,6989,6751,13740
1146,HP19,1272,1687,2959,8732,7376,16108
1147,HP20,895,1041,1936,5159,4138,9297
1148,HP21,1729,2255,3984,12178,10378,22556
1149,HP22,795,810,1605,10391,10160,20551
1150,HP23,645,741,1386,7023,6802,13825
1151,HP27,397,430,827,4996,4870,9866
1152,HR00,0,0,0,1,0,1
1153,HR01,1323,1439,2762,12188,11251,23439
1154,HR02,1778,2300,4078,13675,12102,25777
1155,HR03,179,217,396,3092,2908,6000
1156,HR04,1261,1476,2737,10905,9683,20588
1157,HR05,152,164,316,1842,1647,3489
1158,HR06,812,973,1785,7801,7038,14839
1159,HR07,222,252,474,2821,2493,5314
1160,HR08,478,612,1090,5476,5086,10562
1161,HR09,680,818,1498,8466,7797,16263
1162,HS01,306,368,674,1538,1322,2860
1163,HS02,555,722,1277,5115,4325,9440
1164,HS03,63,84,147,474,344,818
1165,HS04,18,19,37,88,75,163
1166,HS05,11,16,27,92,79,171
1167,HS06,61,104,165,614,541,1155
1168,HS07,77,111,188,469,380,849
1169,HS08,101,117,218,697,567,1264
1170,HS09,80,63,143,417,382,799
1171,HU01,345,240,585,978,429,1407
1172,HU02,414,397,811,986,395,1381
1173,HU03,3089,3018,6107,6736,3640,10376
1174,HU04,1477,1867,3344,7586,5928,13514
1175,HU05,3532,3830,7362,14350,10840,25190
1176,HU06,2789,3257,6046,8607,6035,14642
1177,HU07,3112,3921,7033,13315,10399,23714
1178,HU08,2226,2822,5048,10895,8323,19218
1179,HU09,3277,3989,7266,10637,7192,17829
1180,HU10,609,739,1348,7342,6868,14210
1181,HU11,363,470,833,5180,4513,9693
1182,HU12,892,1230,2122,10100,8759,18859
1183,HU13,674,863,1537,5308,4649,9957
1184,HU14,237,250,487,3445,3329,6774
1185,HU15,645,830,1475,9284,8764,18048
1186,HU16,599,720,1319,5966,5429,11395
1187,HU17,1627,1991,3618,16588,15085,31673
1188,HU18,355,465,820,3263,2783,6046
1189,HU19,477,526,1003,2438,1661,4099
1190,HU20,25,37,62,377,355,732
1191,HU23,1,0,1,0,0,0
1192,HU30,1,0,1,0,0,0
1193,HU33,1,0,1,0,0,0
1194,HU41,1,0,1,0,0,0
1195,HV15,0,0,0,0,1,1
1196,HX00,0,0,0,0,1,1
1197,HX01,1852,2428,4280,6539,4013,10552
1198,HX02,2059,2707,4766,12567,10511,23078
1199,HX03,2227,2953,5180,15998,13752,29750
1200,HX04,443,607,1050,4550,4208,8758
1201,HX05,529,713,1242,3406,2798,6204
1202,HX06,901,1146,2047,6712,5758,12470
1203,HX07,684,801,1485,4654,4558,9212
1204,IG01,10341,8913,19254,21507,12596,34103
1205,IG02,2838,2964,5802,10042,7083,17125
1206,IG03,4657,4396,9053,13083,8404,21487
1207,IG04,796,895,1691,3691,2781,6472
1208,IG05,1200,1388,2588,6279,5197,11476
1209,IG06,2055,2534,4589,10196,8112,18308
1210,IG07,1176,1524,2700,7823,6987,14810
1211,IG08,2159,2562,4721,13838,12103,25941
1212,IG09,523,590,1113,5063,4815,9878
1213,IG10,1476,1819,3295,11842,11100,22942
1214,IG11,8162,8020,16182,17037,10012,27049
1215,IP00,1,0,1,0,0,0
1216,IP01,2436,2727,5163,13208,10150,23358
1217,IP02,1799,2351,4150,10252,7831,18083
1218,IP03,1667,2222,3889,11681,9152,20833
1219,IP04,1827,2103,3930,13157,11083,24240
1220,IP05,523,627,1150,7504,7104,14608
1221,IP06,425,519,944,6816,6301,13117
1222,IP07,478,619,1097,6372,5796,12168
1223,IP08,275,368,643,4512,4042,8554
1224,IP09,309,375,684,4548,4319,8867
1225,IP10,72,102,174,1490,1404,2894
1226,IP11,1103,1493,2596,11615,9878,21493
1227,IP12,865,940,1805,9585,9155,18740
1228,IP13,570,664,1234,7471,7223,14694
1229,IP14,1225,1502,2727,15419,13884,29303
1230,IP15,75,88,163,881,926,1807
1231,IP16,309,366,675,2461,2128,4589
1232,IP17,354,476,830,4750,4557,9307
1233,IP18,145,151,296,1416,1412,2828
1234,IP19,265,333,598,4091,3754,7845
1235,IP20,224,270,494,3264,2992,6256
1236,IP21,260,326,586,4626,4365,8991
1237,IP22,766,852,1618,8812,8058,16870
1238,IP23,220,285,505,2983,2761,5744
1239,IP24,1677,2108,3785,9169,7245,16414
1240,IP25,630,758,1388,6959,6126,13085
1241,IP26,292,358,650,3410,3171,6581
1242,IP27,896,1075,1971,6044,5303,11347
1243,IP28,1037,1283,2320,8814,8361,17175
1244,IP29,251,271,522,3728,3591,7319
1245,IP30,369,472,841,5617,5350,10967
1246,IP31,562,724,1286,8347,7778,16125
1247,IP32,749,964,1713,5472,4982,10454
1248,IP33,1055,1316,2371,8358,7355,15713
1249,IV01,181,158,339,983,897,1880
1250,IV02,2268,2880,5148,17521,15750,33271
1251,IV03,1399,1689,3088,6080,4803,10883
1252,IV03O,0,0,0,0,1,1
1253,IV04,170,213,383,1813,1641,3454
1254,IV05,52,56,108,530,519,1049
1255,IV06,180,212,392,1762,1597,3359
1256,IV07,193,244,437,2287,2198,4485
1257,IV08,28,26,54,355,348,703
1258,IV09,59,59,118,458,440,898
1259,IV10,105,120,225,1067,1020,2087
1260,IV11,48,59,107,321,302,623
1261,IV12,630,754,1384,4605,4142,8747
1262,IV13,14,23,37,272,218,490
1263,IV14,79,101,180,847,766,1613
1264,IV15,331,373,704,1965,1696,3661
1265,IV16,58,80,138,714,660,1374
1266,IV17,371,448,819,2132,1787,3919
1267,IV18,300,398,698,2066,1718,3784
1268,IV19,238,274,512,1727,1546,3273
1269,IV20,153,189,342,1171,1014,2185
1270,IV21,48,48,96,457,387,844
1271,IV22,57,73,130,603,523,1126
1272,IV23,33,48,81,360,307,667
1273,IV24,45,65,110,561,525,1086
1274,IV25,91,100,191,959,921,1880
1275,IV26,105,121,226,728,670,1398
1276,IV27,156,168,324,1514,1293,2807
1277,IV28,11,18,29,190,178,368
1278,IV30,1624,2097,3721,12170,10708,22878
1279,IV31,360,442,802,2602,2248,4850
1280,IV32,200,225,425,1862,1727,3589
1281,IV33,1,0,1,1,2,3
1282,IV34,0,0,0,0,1,1
1283,IV36,704,983,1687,5953,5251,11204
1284,IV40,128,177,305,977,835,1812
1285,IV41,30,19,49,137,119,256
1286,IV42,18,19,37,198,167,365
1287,IV43,13,15,28,118,100,218
1288,IV44,10,13,23,105,95,200
1289,IV45,12,7,19,121,108,229
1290,IV46,5,4,9,34,30,64
1291,IV47,18,26,44,251,208,459
1292,IV48,0,5,5,34,31,65
1293,IV49,57,66,123,447,366,813
1294,IV51,233,308,541,2028,1786,3814
1295,IV52,21,25,46,119,140,259
1296,IV53,7,3,10,64,59,123
1297,IV54,57,77,134,579,463,1042
1298,IV55,53,51,104,525,461,986
1299,IV56,8,13,21,155,120,275
1300,IV63,105,138,243,991,935,1926
1301,KA01,1447,1858,3305,9593,8161,17754
1302,KA02,290,398,688,2542,2277,4819
1303,KA03,1871,2449,4320,13259,11675,24934
1304,KA04,251,336,587,1945,1769,3714
1305,KA05,415,609,1024,3613,2966,6579
1306,KA06,985,1311,2296,6469,5510,11979
1307,KA07,1227,1477,2704,10340,9678,20018
1308,KA08,1206,1623,2829,5535,4206,9741
1309,KA09,673,792,1465,5970,5532,11502
1310,KA10,633,794,1427,5993,5578,11571
1311,KA11,1138,1628,2766,7032,5973,13005
1312,KA12,1184,1600,2784,5559,4369,9928
1313,KA13,1000,1376,2376,5568,4684,10252
1314,KA14,32,30,62,192,168,360
1315,KA15,347,422,769,2581,2267,4848
1316,KA16,176,188,364,1131,872,2003
1317,KA17,156,222,378,1525,1323,2848
1318,KA18,1076,1531,2607,7029,5518,12547
1319,KA19,358,466,824,2679,2321,5000
1320,KA20,663,859,1522,2633,2070,4703
1321,KA21,833,949,1782,3784,3146,6930
1322,KA22,667,940,1607,3459,2892,6351
1323,KA23,199,290,489,2018,1903,3921
1324,KA24,306,462,768,2034,1747,3781
1325,KA25,418,552,970,2238,1801,4039
1326,KA26,503,719,1222,3706,3080,6786
1327,KA27,245,289,534,1806,1702,3508
1328,KA28,44,71,115,437,367,804
1329,KA29,50,71,121,589,561,1150
1330,KA30,423,612,1035,4163,3745,7908
1331,KT01,1793,1943,3736,7597,6026,13623
1332,KT02,2090,2517,4607,11628,10572,22200
1333,KT03,3099,3436,6535,15665,13381,29046
1334,KT04,1563,1730,3293,11588,10662,22250
1335,KT05,1244,1387,2631,7656,6556,14212
1336,KT06,1911,2264,4175,11689,10202,21891
1337,KT07,411,459,870,4068,4056,8124
1338,KT08,1027,1102,2129,8018,7562,15580
1339,KT09,1266,1424,2690,7915,6947,14862
1340,KT10,950,910,1860,9111,9261,18372
1341,KT11,867,881,1748,7101,7231,14332
1342,KT12,1775,1926,3701,15111,14471,29582
1343,KT13,986,1106,2092,10158,9914,20072
1344,KT14,597,624,1221,5408,5266,10674
1345,KT15,1165,1266,2431,11356,10561,21917
1346,KT16,804,956,1760,7680,7081,14761
1347,KT17,1095,1121,2216,9633,8863,18496
1348,KT18,673,881,1554,6566,6513,13079
1349,KT19,2013,2297,4310,13456,12239,25695
1350,KT20,693,855,1548,8625,8295,16920
1351,KT21,472,531,1003,5437,5509,10946
1352,KT22,1060,1098,2158,9895,9439,19334
1353,KT23,341,340,681,4496,4506,9002
1354,KT24,283,256,539,3936,4069,8005
1355,KW01,498,542,1040,3841,3296,7137
1356,KW02,4,3,7,30,27,57
1357,KW03,40,55,95,419,344,763
1358,KW05,10,11,21,124,115,239
1359,KW06,13,9,22,149,114,263
1360,KW07,1,5,6,44,39,83
1361,KW08,26,34,60,316,278,594
1362,KW09,68,94,162,656,566,1222
1363,KW10,78,100,178,611,527,1138
1364,KW11,3,7,10,47,37,84
1365,KW12,46,65,111,657,595,1252
1366,KW13,5,5,10,41,34,75
1367,KW14,652,779,1431,4446,3717,8163
1368,KW15,426,498,924,2901,2632,5533
1369,KW16,152,227,379,1359,1202,2561
1370,KW17,382,452,834,3510,3181,6691
1371,KY01,1353,1716,3069,8186,6676,14862
1372,KY02,1486,2054,3540,10161,8806,18967
1373,KY03,508,664,1172,3908,3504,7412
1374,KY04,1071,1552,2623,7496,5965,13461
1375,KY05,1083,1581,2664,6472,4959,11431
1376,KY06,1087,1389,2476,6283,5352,11635
1377,KY07,1481,1923,3404,9353,8066,17419
1378,KY08,1895,2477,4372,11350,9418,20768
1379,KY09,61,74,135,743,741,1484
1380,KY10,370,527,897,3337,3053,6390
1381,KY11,3105,4005,7110,21359,18783,40142
1382,KY12,1787,2253,4040,14080,12328,26408
1383,KY13,372,415,787,4470,4426,8896
1384,KY14,238,304,542,2608,2350,4958
1385,KY15,757,1029,1786,8103,7552,15655
1386,KY16,1127,1403,2530,6271,5738,12009
1387,L01,558,512,1070,1281,732,2013
1388,L02,80,47,127,221,95,316
1389,L03,1017,989,2006,3203,2016,5219
1390,L04,3869,4744,8613,9690,6369,16059
1391,L05,1404,1741,3145,2995,1731,4726
1392,L06,2638,2738,5376,4963,2724,7687
1393,L07,2375,2190,4565,3560,1784,5344
1394,L08,4164,4182,8346,6674,3854,10528
1395,L09,2256,2978,5234,8930,6689,15619
1396,L10,888,1291,2179,4949,4032,8981
1397,L11,2452,3286,5738,6702,4843,11545
1398,L12,1708,2278,3986,10728,9391,20119
1399,L13,2649,3205,5854,8106,5746,13852
1400,L14,2119,3014,5133,7421,5720,13141
1401,L15,2403,2731,5134,7095,5332,12427
1402,L16,702,864,1566,5419,4918,10337
1403,L17,1575,1681,3256,6915,5833,12748
1404,L18,1315,1577,2892,8835,8067,16902
1405,L19,1562,1801,3363,7555,6437,13992
1406,L20,3111,3664,6775,8256,5457,13713
1407,L21,1974,2553,4527,6809,5151,11960
1408,L22,978,1057,2035,4527,3731,8258
1409,L23,1599,1959,3558,11089,10109,21198
1410,L24,1287,1772,3059,4340,3093,7433
1411,L25,1982,2419,4401,11495,9674,21169
1412,L26,1033,1321,2354,5029,4402,9431
1413,L27,569,776,1345,1722,1246,2968
1414,L28,637,836,1473,1623,946,2569
1415,L29,31,25,56,202,198,400
1416,L30,1486,1978,3464,5589,4272,9861
1417,L31,1270,1556,2826,11495,10290,21785
1418,L32,1762,2350,4112,5714,4116,9830
1419,L33,1578,2101,3679,4677,3478,8155
1420,L34,628,793,1421,4445,3614,8059
1421,L35,1709,2396,4105,10593,8546,19139
1422,L36,3148,4238,7386,11988,9420,21408
1423,L37,838,933,1771,9227,8955,18182
1424,L38,87,107,194,1088,1066,2154
1425,L39,1000,1141,2141,10137,9480,19617
1426,L40,594,622,1216,7431,6817,14248
1427,L41,128,145,273,138,75,213
1428,L42,63,50,113,95,43,138
1429,L43,97,142,239,204,167,371
1430,L44,50,32,82,101,34,135
1431,L45,21,24,45,83,46,129
1432,L46,21,28,49,108,50,158
1433,L47,16,13,29,49,37,86
1434,L48,13,15,28,71,56,127
1435,L49,24,36,60,78,62,140
1436,L52,0,1,1,0,0,0
1437,L60,6,19,25,130,127,257
1438,L61,13,13,26,56,71,127
1439,L62,30,36,66,87,63,150
1440,L63,22,22,44,106,61,167
1441,L64,28,25,53,142,134,276
1442,L65,26,26,52,68,42,110
1443,L66,28,38,66,152,126,278
1444,L67,0,1,1,0,0,0
1445,L69,20,5,25,35,5,40
1446,L71,0,1,1,0,0,0
1447,LA00,0,0,0,0,1,1
1448,LA01,3205,3854,7059,14754,12228,26982
1449,LA02,655,783,1438,8505,8071,16576
1450,LA03,1383,1664,3047,8872,7625,16497
1451,LA04,1464,1718,3182,8621,7164,15785
1452,LA05,518,632,1150,6345,6085,12430
1453,LA06,317,410,727,5405,5325,10730
1454,LA07,131,157,288,2060,1974,4034
1455,LA08,205,233,438,3791,3645,7436
1456,LA09,1167,1450,2617,11351,10277,21628
1457,LA10,96,105,201,1424,1329,2753
1458,LA11,222,296,518,3961,3873,7834
1459,LA12,683,816,1499,8030,7229,15259
1460,LA13,984,1233,2217,6807,5824,12631
1461,LA14,2467,2923,5390,11923,9320,21243
1462,LA15,339,449,788,2803,2432,5235
1463,LA16,100,152,252,1340,1171,2511
1464,LA17,15,33,48,496,476,972
1465,LA18,357,481,838,2952,2391,5343
1466,LA19,23,38,61,435,384,819
1467,LA20,16,35,51,545,479,1024
1468,LA21,30,44,74,423,373,796
1469,LA22,224,245,469,1860,1691,3551
1470,LA23,423,442,865,3368,2963,6331
1471,LD00,0,0,0,1,0,1
1472,LD01,354,462,816,4429,3975,8404
1473,LD02,150,170,320,2229,2000,4229
1474,LD03,754,861,1615,7564,6897,14461
1475,LD04,14,23,37,318,305,623
1476,LD05,29,45,74,447,384,831
1477,LD06,85,121,206,1076,961,2037
1478,LD07,141,170,311,1854,1669,3523
1479,LD08,110,118,228,1834,1708,3542
1480,LE00,0,0,0,1,0,1
1481,LE01,1513,1378,2891,2574,1261,3835
1482,LE02,8534,9677,18211,34924,27518,62442
1483,LE03,7195,8574,15769,32008,23994,56002
1484,LE04,8105,9962,18067,31865,23379,55244
1485,LE05,7627,8745,16372,27242,19547,46789
1486,LE06,345,447,792,4899,4453,9352
1487,LE07,1347,1712,3059,18591,17238,35829
1488,LE08,1012,1294,2306,14458,13882,28340
1489,LE09,1783,2308,4091,22280,19967,42247
1490,LE10,1701,2129,3830,19502,17160,36662
1491,LE11,3540,3744,7284,18946,14430,33376
1492,LE12,1969,2427,4396,24860,22858,47718
1493,LE13,1071,1381,2452,9836,8458,18294
1494,LE14,437,534,971,7335,6908,14243
1495,LE15,1026,1402,2428,12660,11819,24479
1496,LE16,1226,1447,2673,13677,12773,26450
1497,LE17,560,699,1259,8829,7979,16808
1498,LE18,1327,1819,3146,11706,10120,21826
1499,LE19,432,624,1056,5680,5259,10939
1500,LE62,0,1,1,0,0,0
1501,LE65,525,644,1169,5816,5322,11138
1502,LE67,2195,2801,4996,22552,19531,42083
1503,LL01,2,1,3,16,11,27
1504,LL02,0,0,0,3,0,3
1505,LL10,0,0,0,1,0,1
1506,LL11,1849,2383,4232,13186,11020,24206
1507,LL12,1206,1360,2566,10456,9372,19828
1508,LL13,2252,2508,4760,10726,8649,19375
1509,LL14,1717,2379,4096,10941,8847,19788
1510,LL15,357,456,813,3986,3681,7667
1511,LL16,677,833,1510,5606,5084,10690
1512,LL17,178,236,414,2136,1987,4123
1513,LL18,2501,3269,5770,13696,11452,25148
1514,LL19,1000,1276,2276,7039,6238,13277
1515,LL20,348,379,727,3156,2709,5865
1516,LL21,213,282,495,2608,2310,4918
1517,LL22,718,902,1620,6893,6065,12958
1518,LL23,115,151,266,1563,1352,2915
1519,LL24,58,81,139,867,737,1604
1520,LL25,21,16,37,179,172,351
1521,LL26,185,244,429,1581,1372,2953
1522,LL27,36,50,86,335,261,596
1523,LL28,502,627,1129,5102,4825,9927
1524,LL29,1202,1410,2612,6707,5819,12526
1525,LL30,1087,1314,2401,7305,6342,13647
1526,LL31,386,519,905,3603,3290,6893
1527,LL32,292,353,645,2390,2257,4647
1528,LL33,188,254,442,1384,1233,2617
1529,LL34,192,286,478,1507,1341,2848
1530,LL35,22,27,49,299,244,543
1531,LL36,155,212,367,1636,1430,3066
1532,LL37,20,23,43,229,192,421
1533,LL38,16,36,52,280,207,487
1534,LL39,10,15,25,87,74,161
1535,LL40,158,189,347,1548,1344,2892
1536,LL41,313,402,715,2129,1704,3833
1537,LL42,139,180,319,759,617,1376
1538,LL43,12,18,30,212,185,397
1539,LL44,21,39,60,384,350,734
1540,LL45,25,22,47,233,232,465
1541,LL46,54,65,119,671,620,1291
1542,LL47,9,25,34,235,195,430
1543,LL48,98,136,234,904,792,1696
1544,LL49,203,232,435,1528,1236,2764
1545,LL51,20,39,59,352,284,636
1546,LL52,90,90,180,1000,937,1937
1547,LL53,486,616,1102,6101,5482,11583
1548,LL54,419,539,958,4088,3638,7726
1549,LL55,967,1241,2208,7207,6271,13478
1550,LL56,99,83,182,824,760,1584
1551,LL57,1644,1685,3329,7385,6126,13511
1552,LL58,138,212,350,1395,1299,2694
1553,LL59,266,236,502,2032,1943,3975
1554,LL60,111,120,231,1149,1099,2248
1555,LL61,205,241,446,2310,2182,4492
1556,LL62,60,54,114,707,654,1361
1557,LL63,43,65,108,548,464,1012
1558,LL64,35,38,73,307,279,586
1559,LL65,1245,1492,2737,8230,6898,15128
1560,LL66,9,10,19,105,89,194
1561,LL67,54,90,144,509,446,955
1562,LL68,255,321,576,2302,1990,4292
1563,LL69,25,30,55,266,227,493
1564,LL70,10,11,21,116,116,232
1565,LL71,62,86,148,727,638,1365
1566,LL72,31,47,78,275,243,518
1567,LL73,3,2,5,103,95,198
1568,LL74,77,88,165,974,930,1904
1569,LL75,54,56,110,575,542,1117
1570,LL76,10,8,18,114,101,215
1571,LL77,293,383,676,2495,2326,4821
1572,LL78,13,15,28,212,208,420
1573,LN01,1188,1417,2605,9607,8226,17833
1574,LN02,2079,2504,4583,13043,11263,24306
1575,LN03,283,345,628,3844,3432,7276
1576,LN04,1225,1655,2880,15212,13505,28717
1577,LN05,1769,1981,3750,11202,9177,20379
1578,LN06,2434,3118,5552,21152,18785,39937
1579,LN07,205,259,464,2550,2366,4916
1580,LN08,542,721,1263,7026,6380,13406
1581,LN09,312,364,676,3843,3449,7292
1582,LN10,143,192,335,2500,2340,4840
1583,LN11,1037,1291,2328,10776,9896,20672
1584,LN12,570,741,1311,4934,3809,8743
1585,LN13,292,359,651,3177,2810,5987
1586,LS00,0,1,1,0,0,0
1587,LS01,243,236,479,864,475,1339
1588,LS02,880,721,1601,1297,582,1879
1589,LS03,325,313,638,509,258,767
1590,LS04,773,772,1545,2190,1489,3679
1591,LS05,596,702,1298,2309,1766,4075
1592,LS06,3178,3080,6258,8468,6205,14673
1593,LS07,3018,3474,6492,8115,6361,14476
1594,LS08,4354,4890,9244,14505,11086,25591
1595,LS09,4095,4774,8869,8671,4776,13447
1596,LS10,2802,3769,6571,10060,6916,16976
1597,LS11,3478,4091,7569,8949,4992,13941
1598,LS12,3045,3699,6744,12073,8590,20663
1599,LS13,2493,3412,5905,10768,8307,19075
1600,LS14,2568,3498,6066,10268,7780,18048
1601,LS15,1728,2294,4022,12621,10683,23304
1602,LS16,1716,2105,3821,12960,11852,24812
1603,LS17,1745,2422,4167,16939,15626,32565
1604,LS18,1173,1023,2196,7943,6759,14702
1605,LS19,785,1042,1827,7410,6754,14164
1606,LS20,488,563,1051,4843,4597,9440
1607,LS21,702,864,1566,6848,6351,13199
1608,LS22,468,573,1041,6280,6094,12374
1609,LS23,252,298,550,3413,3329,6742
1610,LS24,394,467,861,4673,4246,8919
1611,LS25,1566,2129,3695,15331,13596,28927
1612,LS26,1315,1810,3125,10907,9554,20461
1613,LS27,1813,2444,4257,12573,10304,22877
1614,LS28,1682,2350,4032,14187,12675,26862
1615,LS29,1047,1213,2260,12526,12337,24863
1616,LS70,0,0,0,1,0,1
1617,LU01,5356,4995,10351,14048,8627,22675
1618,LU02,3844,4660,8504,21362,17128,38490
1619,LU03,4882,6069,10951,21419,15873,37292
1620,LU04,4787,5983,10770,17346,11505,28851
1621,LU05,1999,2627,4626,14535,12079,26614
1622,LU06,1242,1591,2833,13265,11685,24950
1623,LU07,1933,2445,4378,22944,20609,43553
1624,M00,20,8,28,38,18,56
1625,M01,904,620,1524,2457,1184,3641
1626,M02,17,11,28,62,45,107
1627,M03,1006,809,1815,3293,1803,5096
1628,M04,934,711,1645,3054,1865,4919
1629,M04O,0,0,0,1,0,1
1630,M05,1656,1742,3398,4244,2635,6879
1631,M06,3134,3206,6340,9471,6492,15963
1632,M07,3084,2731,5815,7967,5198,13165
1633,M08,4615,4115,8730,9526,5171,14697
1634,M09,3713,4694,8407,10720,7649,18369
1635,M10,93,76,169,87,30,117
1636,M11,2403,2959,5362,5292,3299,8591
1637,M12,2903,2553,5456,4466,2229,6695
1638,M13,3649,2974,6623,5536,2723,8259
1639,M14,5805,4972,10777,10071,5991,16062
1640,M15,2432,1982,4414,4972,2639,7611
1641,M16,3689,3936,7625,10712,7708,18420
1642,M17,3,5,8,14,3,17
1643,M18,2481,2918,5399,5737,3742,9479
1644,M19,3798,3850,7648,10805,7721,18526
1645,M20,3266,3491,6757,15389,13057,28446
1646,M21,2072,2346,4418,9796,8588,18384
1647,M22,3669,4385,8054,11831,9080,20911
1648,M23,2340,2944,5284,9163,7386,16549
1649,M24,3201,3901,7102,15202,12233,27435
1650,M25,1838,2184,4022,10909,9377,20286
1651,M26,1939,2431,4370,11876,10111,21987
1652,M27,2332,2848,5180,13697,11429,25126
1653,M28,1743,2200,3943,14747,13158,27905
1654,M29,975,1246,2221,8666,7658,16324
1655,M30,2643,3128,5771,11624,8873,20497
1656,M31,727,832,1559,2507,2067,4574
1657,M32,2045,2469,4514,9292,7869,17161
1658,M33,2797,3292,6089,22433,20358,42791
1659,M34,2548,3134,5682,16198,13552,29750
1660,M35,1230,1480,2710,6906,5673,12579
1661,M38,1086,1463,2549,3697,2629,6326
1662,M39,0,1,1,1,0,1
1663,M40,4018,4894,8912,11393,8022,19415
1664,M41,1924,2202,4126,15230,14027,29257
1665,M43,1380,1921,3301,7737,6203,13940
1666,M44,1080,1438,2518,6768,5529,12297
1667,M45,1222,1561,2783,7926,7013,14939
1668,M46,1111,1352,2463,7332,5923,13255
1669,M47,1,0,1,0,0,0
1670,M50,246,250,496,1192,666,1858
1671,M51,0,0,0,1,0,1
1672,M52,0,0,0,1,0,1
1673,M54,0,0,0,1,0,1
1674,M60,42,20,62,62,16,78
1675,M70,1,1,2,4,2,6
1676,M73,0,0,0,1,0,1
1677,M74,0,0,0,1,1,2
1678,M87,0,1,1,0,0,0
1679,M90,1,0,1,1,0,1
1680,ME01,1729,2131,3860,10907,9278,20185
1681,ME02,2058,2718,4776,14760,12595,27355
1682,ME03,1045,1328,2373,11265,10182,21447
1683,ME04,2608,2922,5530,9643,6728,16371
1684,ME05,2373,3356,5729,19442,16768,36210
1685,ME06,472,630,1102,3927,3474,7401
1686,ME07,3486,4525,8011,16823,13228,30051
1687,ME08,2121,2630,4751,18770,16649,35419
1688,ME09,769,919,1688,8879,8125,17004
1689,ME10,2510,3083,5593,17084,14449,31533
1690,ME11,269,331,600,1138,881,2019
1691,ME12,2115,2749,4864,13630,11021,24651
1692,ME13,1267,1589,2856,10192,9096,19288
1693,ME14,1423,1634,3057,12290,10559,22849
1694,ME15,2428,3044,5472,18200,15374,33574
1695,ME16,1375,1763,3138,11668,9895,21563
1696,ME17,701,835,1536,9723,8733,18456
1697,ME18,222,248,470,2950,2782,5732
1698,ME19,733,831,1564,8883,8574,17457
1699,ME20,752,924,1676,8053,7475,15528
1700,ME21,0,0,0,1,0,1
1701,ME22,0,0,0,1,0,1
1702,ME24,0,1,1,5,6,11
1703,ME30,0,0,0,1,0,1
1704,ME37,0,0,0,0,1,1
1705,ME38,0,0,0,1,0,1
1706,ME39,0,0,0,1,0,1
1707,ME50,0,0,0,1,0,1
1708,MK00,0,0,0,0,1,1
1709,MK01,76,57,133,306,183,489
1710,MK02,1255,1671,2926,4933,3602,8535
1711,MK03,1293,1758,3051,9026,7778,16804
1712,MK04,987,1370,2357,7994,7464,15458
1713,MK05,826,985,1811,5656,5201,10857
1714,MK06,3278,3924,7202,9013,6049,15062
1715,MK07,785,963,1748,5626,5082,10708
1716,MK08,676,868,1544,4560,3958,8518
1717,MK09,453,397,850,1226,646,1872
1718,MK10,720,1017,1737,6002,5541,11543
1719,MK11,482,634,1116,2966,2588,5554
1720,MK12,1082,1317,2399,4791,3588,8379
1721,MK13,1513,1813,3326,6799,5438,12237
1722,MK14,1707,2016,3723,7632,5913,13545
1723,MK15,396,467,863,2873,2634,5507
1724,MK16,729,905,1634,7343,6758,14101
1725,MK17,476,577,1053,7699,7320,15019
1726,MK18,1446,1543,2989,12848,12239,25087
1727,MK19,369,448,817,4802,4520,9322
1728,MK20,0,1,1,0,0,0
1729,MK34,1,0,1,1,0,1
1730,MK40,2606,2625,5231,11193,8192,19385
1731,MK41,2193,2591,4784,15490,13856,29346
1732,MK42,3124,4284,7408,16767,13328,30095
1733,MK43,1295,1303,2598,14186,13406,27592
1734,MK44,478,521,999,6798,6468,13266
1735,MK45,1446,1714,3160,18328,17228,35556
1736,MK46,259,310,569,3656,3523,7179
1737,ML01,3122,4038,7160,17894,14465,32359
1738,ML02,2237,2864,5101,12495,10094,22589
1739,ML03,2881,3783,6664,17436,14313,31749
1740,ML04,1455,1985,3440,6896,5415,12311
1741,ML05,2917,3792,6709,14273,11297,25570
1742,ML06,2939,3917,6856,18260,15098,33358
1743,ML07,756,1069,1825,5113,4050,9163
1744,ML08,686,956,1642,7150,6410,13560
1745,ML09,1176,1669,2845,8050,6662,14712
1746,ML10,424,465,889,4065,3852,7917
1747,ML11,1363,1950,3313,12737,10922,23659
1748,ML12,244,374,618,3496,3239,6735
1749,N00,1,0,1,1,1,2
1750,N01,10580,11464,22044,25172,17827,42999
1751,N01C,67,66,133,176,98,274
1752,N01H,0,1,1,0,0,0
1753,N01N,0,1,1,0,0,0
1754,N01P,1,0,1,0,0,0
1755,N01Q,0,0,0,0,1,1
1756,N01W,0,0,0,0,2,2
1757,N02,2189,2328,4517,9102,8077,17179
1758,N02O,0,0,0,0,1,1
1759,N03,2372,2550,4922,11679,9845,21524
1760,N04,7220,6822,14042,15111,10253,25364
1761,N05,2337,2731,5068,7643,6068,13711
1762,N06,1414,1713,3127,7176,6360,13536
1763,N07,5888,6219,12107,12973,8795,21768
1764,N08,4641,4586,9227,13020,10327,23347
1765,N09,6254,7604,13858,15372,10708,26080
1766,N10,2339,2762,5101,9317,8230,17547
1767,N11,2865,3148,6013,10626,8087,18713
1768,N12,2622,2937,5559,12234,10212,22446
1769,N13,3116,3260,6376,12143,9288,21431
1770,N14,1967,2280,4247,12023,10103,22126
1771,N15,7936,6995,14931,13130,7442,20572
1772,N16,9047,8261,17308,17581,11646,29227
1773,N17,11567,11592,23159,18203,10876,29079
1774,N18,4411,5108,9519,9495,6366,15861
1775,N19,4266,4814,9080,10016,7600,17616
1776,N20,1239,1386,2625,7786,7162,14948
1777,N21,1215,1407,2622,9188,8330,17518
1778,N22,6133,6004,12137,14233,9287,23520
1779,N24,0,0,0,1,0,1
1780,N41,0,0,0,0,1,1
1781,N99,0,0,0,1,0,1
1782,NE01,742,532,1274,1764,728,2492
1783,NE02,1497,1374,2871,5545,4006,9551
1784,NE02O,0,0,0,1,0,1
1785,NE03,2842,3632,6474,17841,15345,33186
1786,NE04,4654,4147,8801,8926,4643,13569
1787,NE05,2947,4117,7064,14427,10615,25042
1788,NE06,4230,4865,9095,11742,7772,19514
1789,NE07,797,995,1792,5251,4427,9678
1790,NE08,3094,3051,6145,8159,4582,12741
1791,NE09,2199,2811,5010,11302,8750,20052
1792,NE10,2265,3016,5281,10075,7169,17244
1793,NE11,917,1267,2184,5205,3899,9104
1794,NE12,1915,2650,4565,11331,9389,20720
1795,NE13,535,681,1216,5584,5078,10662
1796,NE15,2087,2801,4888,10228,7673,17901
1797,NE16,1008,1453,2461,8933,7582,16515
1798,NE17,261,341,602,1506,1256,2762
1799,NE18,28,28,56,375,362,737
1800,NE19,44,81,125,891,843,1734
1801,NE20,306,380,686,5092,4996,10088
1802,NE21,906,1287,2193,5732,4440,10172
1803,NE22,831,1073,1904,6048,5169,11217
1804,NE23,1816,2709,4525,13587,11328,24915
1805,NE24,2052,2897,4949,12301,9792,22093
1806,NE25,1220,1583,2803,10917,9991,20908
1807,NE26,851,976,1827,7045,6490,13535
1808,NE27,621,917,1538,4312,3669,7981
1809,NE28,2938,4067,7005,13351,10053,23404
1810,NE29,2439,3067,5506,10210,7999,18209
1811,NE30,912,1085,1997,7869,7176,15045
1812,NE31,1307,1711,3018,6179,4740,10919
1813,NE32,1646,2154,3800,7406,5720,13126
1814,NE33,2207,2136,4343,7878,5500,13378
1815,NE34,3187,4095,7282,15716,12360,28076
1816,NE35,348,464,812,2087,1674,3761
1817,NE36,268,304,572,2515,2304,4819
1818,NE37,1390,1893,3283,6071,4605,10676
1819,NE38,1817,2456,4273,11137,9112,20249
1820,NE39,348,497,845,3074,2656,5730
1821,NE40,708,978,1686,5340,4552,9892
1822,NE41,69,66,135,835,799,1634
1823,NE42,566,824,1390,4297,3831,8128
1824,NE43,112,140,252,1809,1754,3563
1825,NE44,22,29,51,437,443,880
1826,NE45,113,151,264,1452,1400,2852
1827,NE46,558,747,1305,5635,5218,10853
1828,NE47,242,306,548,3118,2935,6053
1829,NE48,99,152,251,1807,1561,3368
1830,NE49,158,262,420,1586,1280,2866
1831,NE61,1177,1625,2802,12078,10876,22954
1832,NE62,396,584,980,3300,2700,6000
1833,NE63,1627,2215,3842,8706,6707,15413
1834,NE64,382,523,905,1855,1426,3281
1835,NE65,664,906,1570,7688,6953,14641
1836,NE66,550,806,1356,6517,5880,12397
1837,NE67,23,22,45,379,378,757
1838,NE68,51,61,112,748,648,1396
1839,NE69,8,12,20,146,142,288
1840,NE70,57,82,139,692,665,1357
1841,NE71,85,120,205,1174,1065,2239
1842,NE99,5,0,5,7,0,7
1843,NG01,1016,804,1820,2126,1126,3252
1844,NG01O,0,0,0,0,1,1
1845,NG02,3616,4212,7828,18164,14938,33102
1846,NG03,3659,4682,8341,14459,10948,25407
1847,NG04,2058,2741,4799,13919,11733,25652
1848,NG05,5492,7526,13018,27712,22787,50499
1849,NG06,2816,3944,6760,10558,7849,18407
1850,NG07,5363,4960,10323,10061,5380,15441
1851,NG08,4548,6341,10889,18211,13952,32163
1852,NG09,3909,4584,8493,25022,21053,46075
1853,NG10,2403,2956,5359,16788,14169,30957
1854,NG11,2155,2922,5077,12186,9850,22036
1855,NG12,1185,1537,2722,12700,11916,24616
1856,NG13,661,812,1473,8472,7945,16417
1857,NG14,587,693,1280,7504,6963,14467
1858,NG15,1781,2538,4319,15096,12899,27995
1859,NG16,2636,3563,6199,23481,19844,43325
1860,NG17,3451,4534,7985,24776,20369,45145
1861,NG18,2308,2639,4947,14123,11751,25874
1862,NG19,2450,3184,5634,18244,15091,33335
1863,NG20,1495,2018,3513,8638,6645,15283
1864,NG21,945,1259,2204,8237,7093,15330
1865,NG22,1130,1378,2508,10280,8994,19274
1866,NG23,416,495,911,7565,7246,14811
1867,NG24,2272,2858,5130,16151,13401,29552
1868,NG25,256,360,616,3342,3294,6636
1869,NG31,2347,2958,5305,15860,12980,28840
1870,NG32,387,415,802,5584,5278,10862
1871,NG33,288,356,644,4099,3802,7901
1872,NG34,1537,1790,3327,15675,14207,29882
1873,NG54,0,1,1,0,0,0
1874,NG66,0,1,1,0,0,0
1875,NN01,3176,2948,6124,10144,6432,16576
1876,NN02,2484,2853,5337,13167,10339,23506
1877,NN03,4675,5919,10594,26555,21805,48360
1878,NN04,2110,2710,4820,17988,16074,34062
1879,NN05,2232,2736,4968,14644,11781,26425
1880,NN06,967,1112,2079,14435,13784,28219
1881,NN07,799,1004,1803,11937,11281,23218
1882,NN08,3253,3995,7248,17438,13915,31353
1883,NN09,952,1220,2172,10656,9396,20052
1884,NN10,1566,2003,3569,14827,13021,27848
1885,NN11,1726,2285,4011,14865,12754,27619
1886,NN12,758,901,1659,10048,9316,19364
1887,NN13,632,758,1390,7802,7281,15083
1888,NN14,1333,1696,3029,17654,16154,33808
1889,NN15,1395,1743,3138,13834,12643,26477
1890,NN16,2031,2404,4435,10168,7610,17778
1891,NN17,1880,2303,4183,9725,7576,17301
1892,NN18,2573,3293,5866,11756,9255,21011
1893,NN28,1,0,1,0,0,0
1894,NN29,336,422,758,4573,4198,8771
1895,NO03,0,1,1,1,0,1
1896,NP00,0,0,0,0,1,1
1897,NP01,97,107,204,290,210,500
1898,NP01I,0,0,0,0,1,1
1899,NP01O,0,0,0,0,1,1
1900,NP02,33,36,69,169,88,257
1901,NP02O,0,0,0,1,0,1
1902,NP03,41,44,85,147,82,229
1903,NP04,1839,2504,4343,15861,13618,29479
1904,NP05,14,13,27,62,59,121
1905,NP06,36,42,78,203,115,318
1906,NP07,838,1151,1989,10133,9284,19417
1907,NP08,132,203,335,2177,2081,4258
1908,NP09,80,50,130,237,95,332
1909,NP10,889,1128,2017,8842,8215,17057
1910,NP11,1727,2335,4062,12588,10390,22978
1911,NP12,1371,1989,3360,11426,9788,21214
1912,NP13,956,1456,2412,6513,4806,11319
1913,NP15,136,171,307,3228,3117,6345
1914,NP16,865,1036,1901,9038,8452,17490
1915,NP18,565,748,1313,6679,6085,12764
1916,NP19,3650,4413,8063,16460,12620,29080
1917,NP20,3363,4129,7492,16060,12620,28680
1918,NP21,0,0,0,1,0,1
1919,NP22,1142,1600,2742,6951,5421,12372
1920,NP23,1578,2209,3787,10870,8535,19405
1921,NP24,283,419,702,1459,1023,2482
1922,NP25,511,576,1087,5974,5541,11515
1923,NP26,791,957,1748,8889,8014,16903
1924,NP34,0,0,0,0,1,1
1925,NP41,0,0,0,1,0,1
1926,NP44,2375,3112,5487,16066,13626,29692
1927,NR00,0,0,0,1,1,2
1928,NR01,1817,1820,3637,8479,6486,14965
1929,NR02,1610,1843,3453,7890,6662,14552
1930,NR03,2446,2783,5229,10356,7718,18074
1931,NR04,1135,1327,2462,7245,6572,13817
1932,NR05,1855,2236,4091,8891,7288,16179
1933,NR06,888,1069,1957,9258,8183,17441
1934,NR07,1220,1430,2650,12046,10824,22870
1935,NR08,586,770,1356,8226,7906,16132
1936,NR09,464,546,1010,7010,6675,13685
1937,NR10,630,800,1430,9188,8591,17779
1938,NR11,537,659,1196,7165,6707,13872
1939,NR12,620,703,1323,8444,7811,16255
1940,NR13,720,859,1579,10818,10275,21093
1941,NR14,654,712,1366,9876,9387,19263
1942,NR15,410,530,940,6281,6014,12295
1943,NR16,307,426,733,5110,4834,9944
1944,NR17,537,610,1147,6392,5762,12154
1945,NR18,628,759,1387,6739,6355,13094
1946,NR19,749,971,1720,7388,6497,13885
1947,NR20,529,676,1205,7670,7097,14767
1948,NR21,496,648,1144,6222,5669,11891
1949,NR22,35,45,80,328,307,635
1950,NR23,126,148,274,1144,1000,2144
1951,NR24,120,157,277,1737,1632,3369
1952,NR25,298,347,645,3256,3067,6323
1953,NR26,295,387,682,3022,2730,5752
1954,NR27,481,546,1027,4138,3741,7879
1955,NR28,623,735,1358,6381,5758,12139
1956,NR29,662,788,1450,8323,7440,15763
1957,NR30,2265,2375,4640,9239,6619,15858
1958,NR31,2581,3062,5643,17127,14240,31367
1959,NR32,2036,2256,4292,13389,11367,24756
1960,NR33,1731,2017,3748,14168,12353,26521
1961,NR34,698,890,1588,8657,7869,16526
1962,NR35,353,450,803,4320,3916,8236
1963,NW00,3,1,4,4,1,5
1964,NW01,7197,7622,14819,16414,10732,27146
1965,NW01H,0,1,1,0,0,0
1966,NW02,10910,9745,20655,25402,16332,41734
1967,NW03,4693,5609,10302,19801,16544,36345
1968,NW04,3503,3644,7147,13216,10063,23279
1969,NW05,3371,3862,7233,8315,6469,14784
1970,NW05O,0,1,1,0,0,0
1971,NW06,8341,8440,16781,22032,16592,38624
1972,NW07,1920,2357,4277,10505,9212,19717
1973,NW08,3939,4709,8648,12505,9424,21929
1974,NW09,8707,8892,17599,25860,16874,42734
1975,NW10,16786,15375,32161,30242,19278,49520
1976,NW11,3524,3393,6917,14066,12041,26107
1977,NW12,3,1,4,2,2,4
1978,NW13,0,1,1,3,1,4
1979,NW14,1,0,1,1,1,2
1980,NW15,0,0,0,2,0,2
1981,NW16,5,1,6,3,0,3
1982,NW17,0,0,0,2,1,3
1983,NW18,1,0,1,1,1,2
1984,NW19,0,1,1,1,1,2
1985,NW20,0,1,1,1,0,1
1986,NW21,1,0,1,0,0,0
1987,NW22,1,0,1,3,0,3
1988,NW24,1,0,1,0,0,0
1989,NW25,0,0,0,0,2,2
1990,NW26,1,1,2,0,0,0
1991,NW28,0,0,0,0,1,1
1992,NW44,2,0,2,0,0,0
1993,NW51,1,0,1,0,0,0
1994,NW61,0,0,0,0,1,1
1995,NW70,1,0,1,0,0,0
1996,NW77,0,1,1,0,0,0
1997,NW99,2,0,2,1,0,1
1998,OL00,1,0,1,0,0,0
1999,OL01,1906,2211,4117,5810,4091,9901
2000,OL01O,1,0,1,0,0,0
2001,OL02,1959,2511,4470,14674,12660,27334
2002,OL03,527,559,1086,6026,5795,11821
2003,OL04,2839,3418,6257,14230,10963,25193
2004,OL05,541,710,1251,3967,3381,7348
2005,OL06,2082,2457,4539,9116,6795,15911
2006,OL07,1100,1507,2607,5346,3872,9218
2007,OL08,3286,4041,7327,10927,7113,18040
2008,OL09,2867,3480,6347,12609,9239,21848
2009,OL10,1809,2244,4053,9122,7477,16599
2010,OL11,3005,3673,6678,14392,11390,25782
2011,OL12,2572,3337,5909,15349,12629,27978
2012,OL13,788,1062,1850,5486,4650,10136
2013,OL14,808,1058,1866,5279,4600,9879
2014,OL15,583,720,1303,5498,4887,10385
2015,OL16,2440,2957,5397,11858,9224,21082
2016,OX00,1,1,2,0,1,1
2017,OX01,1689,1396,3085,6161,4876,11037
2018,OX02,2924,3142,6066,13328,12179,25507
2019,OX03,3273,3988,7261,13331,10976,24307
2020,OX04,5683,6148,11831,17809,13153,30962
2021,OX05,1415,1494,2909,9228,8129,17357
2022,OX06,34,28,62,98,78,176
2023,OX07,874,1088,1962,9381,8906,18287
2024,OX08,49,49,98,207,176,383
2025,OX09,535,670,1205,5767,5460,11227
2026,OX10,1088,1290,2378,10194,9455,19649
2027,OX11,1548,2010,3558,14043,12300,26343
2028,OX12,1079,1291,2370,10258,9234,19492
2029,OX13,457,600,1057,5500,5051,10551
2030,OX14,2054,2523,4577,16711,14769,31480
2031,OX15,601,642,1243,8040,7834,15874
2032,OX16,2777,3590,6367,16071,12718,28789
2033,OX17,490,554,1044,7399,7066,14465
2034,OX18,926,1229,2155,9636,8761,18397
2035,OX20,184,219,403,1909,1900,3809
2036,OX23,0,0,0,1,0,1
2037,OX25,320,475,795,3849,3624,7473
2038,OX26,1674,2127,3801,12243,10653,22896
2039,OX27,231,297,528,2801,2760,5561
2040,OX28,1311,1555,2866,9858,8929,18787
2041,OX29,836,922,1758,9518,8984,18502
2042,OX33,302,295,597,3113,2945,6058
2043,OX39,172,197,369,3063,2923,5986
2044,OX44,257,356,613,3345,3155,6500
2045,OX49,124,155,279,1679,1747,3426
2046,PA00,0,0,0,1,0,1
2047,PA01,1415,1634,3049,6915,5444,12359
2048,PA02,2263,2970,5233,13155,11217,24372
2049,PA03,1932,2371,4303,6772,5031,11803
2050,PA04,1327,1813,3140,8109,6879,14988
2051,PA05,1361,1797,3158,6855,5518,12373
2052,PA06,163,234,397,2641,2622,5263
2053,PA07,198,266,464,2616,2446,5062
2054,PA08,770,1000,1770,5370,4763,10133
2055,PA09,57,86,143,713,649,1362
2056,PA10,139,198,337,1460,1401,2861
2057,PA11,224,289,513,2212,2083,4295
2058,PA12,142,192,334,1247,1215,2462
2059,PA13,156,168,324,1807,1847,3654
2060,PA14,1285,1605,2890,4870,3888,8758
2061,PA15,1407,1600,3007,4543,3425,7968
2062,PA16,1953,2255,4208,8949,7907,16856
2063,PA17,77,90,167,938,838,1776
2064,PA18,76,122,198,1037,995,2032
2065,PA19,534,691,1225,4121,3647,7768
2066,PA20,334,439,773,2089,1722,3811
2067,PA21,43,35,78,330,286,616
2068,PA22,12,7,19,132,132,264
2069,PA23,772,960,1732,4288,3926,8214
2070,PA24,26,24,50,212,167,379
2071,PA25,0,6,6,22,20,42
2072,PA26,10,8,18,61,43,104
2073,PA27,17,40,57,297,285,582
2074,PA28,404,481,885,2590,2183,4773
2075,PA29,102,102,204,895,779,1674
2076,PA30,68,79,147,518,498,1016
2077,PA31,210,265,475,1987,1768,3755
2078,PA32,46,54,100,479,434,913
2079,PA33,36,27,63,302,246,548
2080,PA34,620,739,1359,3819,3301,7120
2081,PA35,46,71,117,548,527,1075
2082,PA36,1,1,2,18,14,32
2083,PA37,127,151,278,1158,1089,2247
2084,PA38,34,35,69,379,343,722
2085,PA39,3,0,3,3,9,12
2086,PA40,1,2,3,7,4,11
2087,PA41,11,16,27,53,50,103
2088,PA42,61,80,141,402,337,739
2089,PA43,46,65,111,300,250,550
2090,PA44,8,13,21,110,104,214
2091,PA45,12,10,22,59,45,104
2092,PA46,5,9,14,72,74,146
2093,PA47,4,7,11,67,54,121
2094,PA48,16,16,32,120,119,239
2095,PA49,6,11,17,73,75,148
2096,PA60,10,21,31,85,71,156
2097,PA61,7,17,24,57,55,112
2098,PA62,2,2,4,13,9,22
2099,PA63,1,0,1,3,4,7
2100,PA64,0,3,3,34,37,71
2101,PA65,9,9,18,88,79,167
2102,PA66,2,11,13,75,71,146
2103,PA67,16,13,29,103,105,208
2104,PA68,0,0,0,5,4,9
2105,PA69,1,1,2,10,6,16
2106,PA70,4,2,6,28,25,53
2107,PA71,1,0,1,25,18,43
2108,PA72,21,18,39,185,172,357
2109,PA73,3,2,5,26,24,50
2110,PA74,1,2,3,19,16,35
2111,PA75,67,82,149,580,532,1112
2112,PA76,5,6,11,59,61,120
2113,PA77,21,38,59,250,255,505
2114,PA78,13,16,29,76,72,148
2115,PA80,15,14,29,112,78,190
2116,PA81,4,7,11,23,11,34
2117,PA82,6,5,11,17,16,33
2118,PA83,0,0,0,2,1,3
2119,PA84,0,1,1,1,0,1
2120,PA85,3,4,7,3,6,9
2121,PA86,22,39,61,104,95,199
2122,PA87,28,39,67,57,46,103
2123,PA88,4,2,6,7,4,11
2124,PE01,4556,4703,9259,15104,9531,24635
2125,PE02,2769,3554,6323,16780,13722,30502
2126,PE03,2213,2865,5078,10049,7412,17461
2127,PE04,1480,1923,3403,10079,8731,18810
2128,PE05,36,43,79,646,614,1260
2129,PE06,1135,1528,2663,14903,13943,28846
2130,PE07,1603,2121,3724,16607,14705,31312
2131,PE08,568,755,1323,7014,6550,13564
2132,PE09,1189,1509,2698,12202,11486,23688
2133,PE10,728,991,1719,9030,8296,17326
2134,PE11,1754,2140,3894,16350,13564,29914
2135,PE12,1276,1624,2900,15965,13934,29899
2136,PE13,1862,2035,3897,12629,10457,23086
2137,PE14,699,818,1517,8779,8038,16817
2138,PE15,1115,1447,2562,11033,9698,20731
2139,PE16,363,490,853,4216,3563,7779
2140,PE17,63,50,113,186,138,324
2141,PE18,52,84,136,136,111,247
2142,PE19,1753,2234,3987,17301,15600,32901
2143,PE20,503,604,1107,5672,5023,10695
2144,PE21,2422,2598,5020,13996,11112,25108
2145,PE22,521,631,1152,6909,6110,13019
2146,PE23,306,333,639,3445,3150,6595
2147,PE24,487,570,1057,4754,3951,8705
2148,PE25,1241,1458,2699,7209,5671,12880
2149,PE26,417,546,963,4559,4088,8647
2150,PE27,836,1129,1965,7813,6771,14584
2151,PE28,1470,1780,3250,18800,17814,36614
2152,PE29,1697,2167,3864,10001,8417,18418
2153,PE30,2596,3009,5605,14420,12140,26560
2154,PE31,488,622,1110,7887,7350,15237
2155,PE32,443,515,958,6355,5926,12281
2156,PE33,434,572,1006,6185,5623,11808
2157,PE34,433,586,1019,5652,5088,10740
2158,PE35,2,2,4,38,35,73
2159,PE36,251,301,552,2272,2116,4388
2160,PE37,334,491,825,4107,3667,7774
2161,PE38,475,574,1049,5810,5085,10895
2162,PE99,0,0,0,1,0,1
2163,PH01,2435,3116,5551,14382,12120,26502
2164,PH02,1520,1778,3298,12669,11571,24240
2165,PH03,253,274,527,2468,2334,4802
2166,PH04,25,47,72,342,332,674
2167,PH05,18,58,76,336,311,647
2168,PH06,85,101,186,988,976,1964
2169,PH07,387,473,860,3377,3062,6439
2170,PH08,91,106,197,812,749,1561
2171,PH09,25,41,66,367,352,719
2172,PH10,462,522,984,4137,3739,7876
2173,PH11,117,180,297,1364,1160,2524
2174,PH12,53,71,124,796,711,1507
2175,PH13,180,217,397,1604,1384,2988
2176,PH14,43,84,127,849,822,1671
2177,PH15,163,209,372,1370,1209,2579
2178,PH16,177,211,388,1518,1379,2897
2179,PH17,7,8,15,74,56,130
2180,PH18,28,40,68,316,262,578
2181,PH19,1,4,5,40,29,69
2182,PH20,64,93,157,621,548,1169
2183,PH21,94,109,203,840,773,1613
2184,PH22,201,246,447,1222,1069,2291
2185,PH23,30,37,67,324,318,642
2186,PH24,23,27,50,296,268,564
2187,PH25,36,34,70,361,342,703
2188,PH26,158,161,319,1452,1286,2738
2189,PH30,0,0,0,3,1,4
2190,PH31,17,22,39,241,225,466
2191,PH32,43,43,86,291,243,534
2192,PH33,700,942,1642,4188,3461,7649
2193,PH34,31,46,77,442,398,840
2194,PH35,16,24,40,139,109,248
2195,PH36,40,75,115,505,467,972
2196,PH37,9,10,19,64,54,118
2197,PH38,12,13,25,87,75,162
2198,PH39,27,18,45,157,164,321
2199,PH40,23,15,38,123,107,230
2200,PH41,73,63,136,361,321,682
2201,PH42,1,7,8,40,28,68
2202,PH43,1,2,3,11,8,19
2203,PH44,3,2,5,7,6,13
2204,PH49,46,60,106,424,367,791
2205,PH50,40,80,120,304,236,540
2206,PL00,0,1,1,0,0,0
2207,PL01,2141,2112,4253,7057,4561,11618
2208,PL02,2206,2674,4880,9950,8063,18013
2209,PL03,1690,2070,3760,10789,9324,20113
2210,PL04,2685,2504,5189,8388,5729,14117
2211,PL05,2753,3728,6481,13469,10961,24430
2212,PL06,1854,2501,4355,15092,13373,28465
2213,PL07,1099,1441,2540,11705,10912,22617
2214,PL08,172,153,325,2481,2436,4917
2215,PL09,934,1240,2174,11048,10222,21270
2216,PL10,148,210,358,1338,1212,2550
2217,PL11,523,706,1229,3940,3457,7397
2218,PL12,829,1027,1856,8530,7819,16349
2219,PL13,381,477,858,3896,3388,7284
2220,PL14,819,1109,1928,8944,8324,17268
2221,PL15,586,788,1374,7910,7299,15209
2222,PL16,45,59,104,837,786,1623
2223,PL17,331,376,707,4086,3695,7781
2224,PL18,189,257,446,2008,1955,3963
2225,PL19,574,678,1252,6328,6025,12353
2226,PL20,407,507,914,4708,4556,9264
2227,PL21,599,750,1349,6951,6762,13713
2228,PL22,128,155,283,1419,1361,2780
2229,PL23,119,142,261,1245,1209,2454
2230,PL24,444,570,1014,3798,3482,7280
2231,PL25,1150,1259,2409,9274,8394,17668
2232,PL26,1107,1245,2352,10501,9372,19873
2233,PL27,385,508,893,4669,4501,9170
2234,PL28,178,210,388,1590,1513,3103
2235,PL29,27,24,51,383,358,741
2236,PL30,232,290,522,4422,4149,8571
2237,PL31,704,866,1570,5270,4490,9760
2238,PL32,144,184,328,1618,1550,3168
2239,PL33,72,73,145,739,701,1440
2240,PL34,59,75,134,700,657,1357
2241,PL35,33,37,70,395,382,777
2242,PO01,2586,2869,5455,6925,4427,11352
2243,PO02,3265,4068,7333,13128,9936,23064
2244,PO03,1192,1389,2581,7086,5994,13080
2245,PO04,2723,3130,5853,12861,10233,23094
2246,PO05,2416,2447,4863,7716,5216,12932
2247,PO06,2577,3172,5749,14154,11997,26151
2248,PO07,1664,2058,3722,16036,14707,30743
2249,PO08,1317,1588,2905,13882,12948,26830
2250,PO09,3086,4062,7148,16216,13862,30078
2251,PO10,621,746,1367,7339,6886,14225
2252,PO11,650,750,1400,7260,6654,13914
2253,PO12,2684,3177,5861,16382,13952,30334
2254,PO13,1933,2495,4428,12072,10779,22851
2255,PO14,1197,1386,2583,13045,12192,25237
2256,PO15,853,939,1792,8616,8016,16632
2257,PO16,1300,1406,2706,12369,11179,23548
2258,PO17,222,231,453,2740,2528,5268
2259,PO18,463,541,1004,5723,5549,11272
2260,PO19,1608,1862,3470,10377,9924,20301
2261,PO20,1165,1365,2530,13256,12467,25723
2262,PO21,2000,2124,4124,14465,12757,27222
2263,PO22,1167,1360,2527,11587,10772,22359
2264,PO30,1424,1678,3102,10122,9293,19415
2265,PO31,657,744,1401,5376,5038,10414
2266,PO32,400,483,883,2973,2741,5714
2267,PO33,1643,1979,3622,10664,9590,20254
2268,PO34,58,63,121,898,904,1802
2269,PO35,150,143,293,1441,1419,2860
2270,PO36,847,978,1825,5920,5341,11261
2271,PO37,465,517,982,3362,2947,6309
2272,PO38,558,692,1250,4971,4462,9433
2273,PO39,87,124,211,982,907,1889
2274,PO40,224,270,494,2137,2034,4171
2275,PO41,63,75,138,956,951,1907
2276,PR00,0,0,0,1,0,1
2277,PR01,4914,5562,10476,20374,14908,35282
2278,PR02,4112,5102,9214,26693,22552,49245
2279,PR03,919,1176,2095,15612,14680,30292
2280,PR04,1846,2393,4239,23847,22018,45865
2281,PR05,1643,2144,3787,14954,13211,28165
2282,PR06,1327,1616,2943,13347,12033,25380
2283,PR07,2005,2649,4654,22417,20183,42600
2284,PR08,2542,2966,5508,19381,17640,37021
2285,PR09,1844,2219,4063,15612,13591,29203
2286,PR25,1348,1779,3127,11123,9954,21077
2287,PR26,480,524,1004,5173,4791,9964
2288,QF62,0,0,0,1,0,1
2289,QN21,0,0,0,1,0,1
2290,RG01,5100,4990,10090,14517,8694,23211
2291,RG02,3176,3700,6876,13232,9869,23101
2292,RG03,30,28,58,110,56,166
2293,RG04,1747,2121,3868,15423,14121,29544
2294,RG05,1104,1301,2405,10251,9369,19620
2295,RG06,2030,2252,4282,14353,12372,26725
2296,RG07,1111,1386,2497,13341,12532,25873
2297,RG08,768,731,1499,7922,7580,15502
2298,RG09,990,1004,1994,9486,9276,18762
2299,RG10,628,655,1283,7617,7351,14968
2300,RG11,35,27,62,110,78,188
2301,RG12,3004,3791,6795,21137,18130,39267
2302,RG13,29,44,73,111,86,197
2303,RG14,1921,2228,4149,14633,12524,27157
2304,RG15,19,26,45,78,70,148
2305,RG16,19,22,41,112,92,204
2306,RG17,600,648,1248,5994,5704,11698
2307,RG18,685,849,1534,7335,6737,14072
2308,RG19,691,799,1490,6544,6004,12548
2309,RG20,642,743,1385,8136,7823,15959
2310,RG21,1978,2303,4281,9690,7501,17191
2311,RG22,2033,2607,4640,15513,13459,28972
2312,RG23,527,676,1203,4847,4315,9162
2313,RG24,1531,2044,3575,12541,11050,23591
2314,RG25,274,314,588,3548,3285,6833
2315,RG26,800,991,1791,9058,8321,17379
2316,RG27,604,643,1247,9154,9037,18191
2317,RG28,222,268,490,2224,2008,4232
2318,RG29,171,274,445,2599,2503,5102
2319,RG30,3665,4411,8076,15851,12117,27968
2320,RG31,1213,1477,2690,11032,10075,21107
2321,RG33,0,0,0,0,1,1
2322,RG34,0,0,0,0,1,1
2323,RG40,959,1115,2074,11695,11218,22913
2324,RG41,1019,1206,2225,11652,11265,22917
2325,RG42,1068,1144,2212,10555,9975,20530
2326,RG45,471,476,947,5556,5431,10987
2327,RH01,2370,2829,5199,17928,16017,33945
2328,RH02,997,1143,2140,9988,9632,19620
2329,RH03,126,117,243,1808,1804,3612
2330,RH04,689,788,1477,5999,5673,11672
2331,RH05,639,671,1310,6931,6552,13483
2332,RH06,1342,1501,2843,12497,11394,23891
2333,RH07,497,385,882,3828,3337,7165
2334,RH08,568,678,1246,6008,5957,11965
2335,RH09,168,220,388,2199,2169,4368
2336,RH10,3638,3961,7599,26051,22153,48204
2337,RH11,4373,5247,9620,19638,15248,34886
2338,RH12,1759,2120,3879,18283,17334,35617
2339,RH13,1314,1550,2864,15242,14317,29559
2340,RH14,457,566,1023,6353,6009,12362
2341,RH15,1370,1538,2908,11906,11223,23129
2342,RH16,1596,1839,3435,13345,12461,25806
2343,RH17,652,717,1369,7691,7559,15250
2344,RH18,297,316,613,1908,1931,3839
2345,RH19,1400,1603,3003,13944,12928,26872
2346,RH20,689,749,1438,10739,10570,21309
2347,RM01,1316,1555,2871,7594,6238,13832
2348,RM02,587,667,1254,5097,4598,9695
2349,RM03,2796,3789,6585,14448,11756,26204
2350,RM04,131,140,271,1974,1844,3818
2351,RM05,1189,1478,2667,6937,6021,12958
2352,RM06,2850,3563,6413,11362,8521,19883
2353,RM07,1996,2641,4637,10177,8251,18428
2354,RM08,4388,5295,9683,13129,9048,22177
2355,RM09,3567,4627,8194,10900,7242,18142
2356,RM10,3918,4983,8901,11407,7686,19093
2357,RM11,1317,1583,2900,12467,11492,23959
2358,RM12,1774,2080,3854,12914,11040,23954
2359,RM13,1886,2245,4131,10699,8845,19544
2360,RM14,991,1061,2052,10639,9873,20512
2361,RM15,1738,2221,3959,10303,8412,18715
2362,RM16,1947,2477,4424,15233,13293,28526
2363,RM17,1883,2399,4282,9916,7285,17201
2364,RM18,1324,1815,3139,5482,4230,9712
2365,RM19,492,666,1158,2503,1835,4338
2366,RM20,448,584,1032,2292,1461,3753
2367,S01,535,388,923,984,430,1414
2368,S02,3673,4334,8007,9847,6295,16142
2369,S03,1824,1470,3294,3143,1354,4497
2370,S04,1365,1354,2719,3079,1654,4733
2371,S05,4503,6048,10551,15969,11049,27018
2372,S06,3110,3781,6891,18836,15460,34296
2373,S06O,0,0,0,0,1,1
2374,S07,1228,1161,2389,5868,4889,10757
2375,S07O,0,0,0,1,0,1
2376,S08,2561,3069,5630,14724,12270,26994
2377,S08O,0,0,0,1,0,1
2378,S09,2090,2491,4581,8158,4986,13144
2379,S10,2230,2147,4377,13037,11520,24557
2380,S11,1701,1782,3483,10729,9742,20471
2381,S12,1506,2301,3807,12004,9261,21265
2382,S13,1501,2104,3605,9764,7649,17413
2383,S14,781,988,1769,2103,1349,3452
2384,S16,0,0,0,0,2,2
2385,S17,492,570,1062,6041,5906,11947
2386,S18,715,893,1608,9644,8944,18588
2387,S19,4,11,15,62,43,105
2388,S20,1157,1657,2814,10884,9107,19991
2389,S21,795,1074,1869,7524,6292,13816
2390,S22,0,1,1,0,1,1
2391,S24,0,0,0,0,1,1
2392,S25,820,1216,2036,7694,6587,14281
2393,S26,868,1321,2189,9572,8224,17796
2394,S29,0,0,0,2,0,2
2395,S30,32,31,63,176,159,335
2396,S31,23,29,52,108,43,151
2397,S32,149,184,333,2360,2322,4682
2398,S33,145,155,300,1954,1852,3806
2399,S35,1372,1871,3243,15264,13442,28706
2400,S36,947,1269,2216,10613,9294,19907
2401,S37,1,0,1,0,0,0
2402,S40,1725,2177,3902,12100,10063,22163
2403,S41,1805,2331,4136,12155,10094,22249
2404,S42,1042,1395,2437,10576,9143,19719
2405,S43,1869,2673,4542,13939,11206,25145
2406,S44,1018,1408,2426,7607,6165,13772
2407,S45,579,810,1389,4776,3932,8708
2408,S46,0,0,0,3,0,3
2409,S47,0,0,0,1,0,1
2410,S49,0,0,0,2,0,2
2411,S54,0,0,0,1,0,1
2412,S60,1802,2479,4281,13707,10995,24702
2413,S61,1960,2660,4620,11360,8745,20105
2414,S62,1082,1465,2547,6381,4810,11191
2415,S63,2415,3082,5497,13013,10229,23242
2416,S64,1773,2221,3994,10133,7816,17949
2417,S65,2424,2942,5366,9893,6908,16801
2418,S66,1997,2901,4898,15936,13319,29255
2419,S68,0,0,0,0,1,1
2420,S70,2464,2939,5403,12398,8984,21382
2421,S71,2557,3349,5906,15190,11849,27039
2422,S72,1357,1818,3175,8538,6645,15183
2423,S73,1465,1972,3437,9232,7251,16483
2424,S74,862,1275,2137,5926,4686,10612
2425,S75,1540,2107,3647,16325,14153,30478
2426,S80,1664,2083,3747,9855,7740,17595
2427,S81,1414,1890,3304,13866,12088,25954
2428,SA01,4159,4172,8331,13300,8712,22012
2429,SA02,1676,1804,3480,12667,11181,23848
2430,SA03,782,843,1625,10497,10116,20613
2431,SA04,1488,1934,3422,16410,15356,31766
2432,SA05,2063,2942,5005,11284,9023,20307
2433,SA06,1580,2215,3795,11275,9532,20807
2434,SA07,543,748,1291,5490,4913,10403
2435,SA08,464,615,1079,4688,4198,8886
2436,SA09,538,715,1253,5618,4927,10545
2437,SA10,1040,1492,2532,11143,9693,20836
2438,SA11,1678,2334,4012,11967,9641,21608
2439,SA12,1724,2253,3977,10609,8901,19510
2440,SA13,962,1254,2216,6617,5248,11865
2441,SA14,1174,1511,2685,12318,11025,23343
2442,SA15,1738,2113,3851,12198,10225,22423
2443,SA16,303,429,732,3094,2704,5798
2444,SA17,346,426,772,3468,3018,6486
2445,SA18,1176,1368,2544,10814,9602,20416
2446,SA19,256,339,595,3875,3623,7498
2447,SA20,115,135,250,1318,1130,2448
2448,SA31,709,939,1648,5503,5099,10602
2449,SA32,148,185,333,3147,3012,6159
2450,SA33,319,422,741,5104,4726,9830
2451,SA34,138,172,310,2082,1847,3929
2452,SA35,13,23,36,362,323,685
2453,SA36,10,8,18,143,143,286
2454,SA37,31,41,72,586,527,1113
2455,SA38,145,180,325,1751,1648,3399
2456,SA39,62,89,151,1029,907,1936
2457,SA40,124,121,245,1081,993,2074
2458,SA41,57,57,114,841,769,1610
2459,SA42,62,74,136,818,788,1606
2460,SA43,463,572,1035,4812,4385,9197
2461,SA44,298,366,664,4519,4245,8764
2462,SA45,63,55,118,614,567,1181
2463,SA46,94,116,210,959,849,1808
2464,SA47,44,43,87,401,381,782
2465,SA48,363,342,705,3284,3026,6310
2466,SA61,766,992,1758,4624,4165,8789
2467,SA62,552,735,1287,8338,7693,16031
2468,SA63,31,30,61,513,480,993
2469,SA64,91,129,220,834,701,1535
2470,SA65,163,206,369,1563,1371,2934
2471,SA66,92,96,188,1253,1215,2468
2472,SA67,198,270,468,2777,2630,5407
2473,SA68,100,125,225,1589,1449,3038
2474,SA69,112,135,247,1462,1337,2799
2475,SA70,369,464,833,3395,3067,6462
2476,SA71,463,531,994,3970,3445,7415
2477,SA72,530,616,1146,3423,3070,6493
2478,SA73,884,1206,2090,7065,6081,13146
2479,SA99,1,1,2,0,0,0
2480,SE00,0,1,1,1,1,2
2481,SE01,8433,8479,16912,18439,11118,29557
2482,SE01V,0,0,0,2,0,2
2483,SE02,3119,3909,7028,7824,5785,13609
2484,SE03,2738,3256,5994,11411,9588,20999
2485,SE04,3515,3866,7381,8344,6765,15109
2486,SE05,7425,8069,15494,12391,8343,20734
2487,SE06,6343,7118,13461,15436,12331,27767
2488,SE06N,1,0,1,0,0,0
2489,SE07,2655,3030,5685,6331,4522,10853
2490,SE08,4442,4711,9153,7624,4997,12621
2491,SE09,4697,5752,10449,21005,17550,38555
2492,SE10,2389,2832,5221,8530,6661,15191
2493,SE11,3147,3286,6433,6414,3872,10286
2494,SE12,2375,2773,5148,8704,7253,15957
2495,SE13,5250,5533,10783,12206,9341,21547
2496,SE14,3880,3887,7767,6670,4468,11138
2497,SE15,11121,11347,22468,16350,11433,27783
2498,SE16,5389,6126,11515,13855,9338,23193
2499,SE17,5995,6126,12121,8038,4527,12565
2500,SE18,11213,11787,23000,20972,13858,34830
2501,SE19,2731,3332,6063,9123,7448,16571
2502,SE20,2510,2944,5454,6895,5735,12630
2503,SE21,1410,1576,2986,5040,4632,9672
2504,SE22,3107,3406,6513,9336,8079,17415
2505,SE23,3406,3936,7342,10229,8726,18955
2506,SE24,1908,1981,3889,5722,4986,10708
2507,SE25,3943,4580,8523,10666,8701,19367
2508,SE26,3052,3678,6730,8549,7215,15764
2509,SE27,2567,2835,5402,6498,5142,11640
2510,SE28,3405,4367,7772,7619,5278,12897
2511,SE29,1,3,4,3,0,3
2512,SE31,0,1,1,0,0,0
2513,SE33,0,1,1,0,0,0
2514,SE35,0,1,1,0,0,0
2515,SE37,0,1,1,0,0,0
2516,SE41,0,0,0,1,0,1
2517,SE50,0,0,0,1,0,1
2518,SE57,0,1,1,0,0,0
2519,SE59,0,0,0,1,0,1
2520,SE60,0,0,0,2,0,2
2521,SE72,1,0,1,0,0,0
2522,SE73,0,0,0,1,0,1
2523,SE74,0,1,1,1,0,1
2524,SE75,1,0,1,0,0,0
2525,SE76,0,0,0,1,0,1
2526,SE77,1,0,1,0,0,0
2527,SE81,0,0,0,0,1,1
2528,SE88,0,0,0,1,0,1
2529,SE90,0,0,0,0,1,1
2530,SE91,0,1,1,0,0,0
2531,SE99,0,0,0,0,1,1
2532,SG00,0,0,0,0,1,1
2533,SG01,3090,3744,6834,18685,15525,34210
2534,SG02,2165,2824,4989,15452,13371,28823
2535,SG03,240,271,511,2819,2745,5564
2536,SG04,1203,1376,2579,11379,10692,22071
2537,SG05,1390,1581,2971,12540,11654,24194
2538,SG06,1750,2183,3933,12101,10708,22809
2539,SG07,514,608,1122,5229,4883,10112
2540,SG08,1353,1553,2906,15581,14221,29802
2541,SG09,269,310,579,4326,4182,8508
2542,SG10,53,60,113,815,781,1596
2543,SG11,229,226,455,3517,3269,6786
2544,SG12,1196,1314,2510,11506,10612,22118
2545,SG13,715,730,1445,6527,6217,12744
2546,SG14,845,928,1773,7568,7058,14626
2547,SG15,235,261,496,2166,1946,4112
2548,SG16,160,234,394,2488,2353,4841
2549,SG17,454,510,964,5173,4855,10028
2550,SG18,934,1218,2152,10292,9285,19577
2551,SG19,823,1105,1928,9825,8905,18730
2552,SK00,0,0,0,0,1,1
2553,SK01,686,843,1529,3742,2809,6551
2554,SK02,1429,1812,3241,10643,9429,20072
2555,SK03,1723,2208,3931,8781,7496,16277
2556,SK04,1914,2027,3941,13219,11941,25160
2557,SK05,2067,2586,4653,9014,7318,16332
2558,SK06,1969,2376,4345,19468,17844,37312
2559,SK07,1397,1627,3024,16426,15646,32072
2560,SK08,2478,2834,5312,23342,21955,45297
2561,SK09,1397,1608,3005,15498,14787,30285
2562,SK10,1517,1708,3225,15569,14889,30458
2563,SK11,1687,1940,3627,13678,12166,25844
2564,SK12,583,600,1183,8004,7822,15826
2565,SK13,1494,1932,3426,11938,10650,22588
2566,SK14,2671,3329,6000,15863,13287,29150
2567,SK15,1526,1752,3278,9628,8251,17879
2568,SK16,1068,1336,2404,6614,5333,11947
2569,SK17,1180,1406,2586,11818,10149,21967
2570,SK22,511,613,1124,4705,4158,8863
2571,SK23,580,648,1228,6968,6308,13276
2572,SL00,427,464,891,4837,4347,9184
2573,SL01,6671,6797,13468,25674,18823,44497
2574,SL02,4384,5199,9583,19778,15386,35164
2575,SL03,2597,3470,6067,18096,15031,33127
2576,SL04,2041,2428,4469,17287,15827,33114
2577,SL05,1069,1236,2305,10153,10193,20346
2578,SL06,3586,4094,7680,32307,29374,61681
2579,SL07,785,821,1606,8649,8472,17121
2580,SL08,203,210,413,2662,2641,5303
2581,SL09,849,926,1775,9198,9270,18468
2582,SM01,2552,3154,5706,14185,11644,25829
2583,SM02,1414,1867,3281,10860,9932,20792
2584,SM03,1146,1364,2510,7960,7078,15038
2585,SM04,3163,3417,6580,13572,10231,23803
2586,SM05,2504,3160,5664,13622,12214,25836
2587,SM06,2383,2895,5278,13085,11553,24638
2588,SM07,618,635,1253,7375,7371,14746
2589,SN00,0,0,0,2,0,2
2590,SN01,2993,2626,5619,10802,7099,17901
2591,SN02,2695,3379,6074,14435,10985,25420
2592,SN03,2937,3738,6675,18812,15591,34403
2593,SN04,1040,1234,2274,11514,10466,21980
2594,SN05,1554,2142,3696,13274,11666,24940
2595,SN06,776,917,1693,8866,8119,16985
2596,SN07,458,612,1070,5626,5219,10845
2597,SN08,915,1044,1959,9517,9022,18539
2598,SN09,275,352,627,3239,3111,6350
2599,SN10,1181,1461,2642,11926,11072,22998
2600,SN11,856,1121,1977,8578,7858,16436
2601,SN12,1009,1138,2147,10213,9288,19501
2602,SN13,607,745,1352,6236,5994,12230
2603,SN14,1100,1263,2363,10666,9786,20452
2604,SN15,1515,1737,3252,13993,12150,26143
2605,SN16,395,420,815,5795,5526,11321
2606,SN20,0,0,0,2,0,2
2607,SN24,0,1,1,0,1,1
2608,SN25,1175,1537,2712,13879,12344,26223
2609,SN26,49,42,91,754,652,1406
2610,SN27,0,0,0,1,0,1
2611,SN31,0,0,0,0,1,1
2612,SN34,0,0,0,0,1,1
2613,SN48,0,0,0,1,0,1
2614,SN66,0,1,1,0,0,0
2615,SO00,0,0,0,0,1,1
2616,SO01,60,46,106,204,96,300
2617,SO02,88,47,135,177,81,258
2618,SO03,35,24,59,170,116,286
2619,SO03O,1,0,1,1,0,1
2620,SO04,33,39,72,179,147,326
2621,SO05,33,25,58,168,99,267
2622,SO06,0,0,0,2,0,2
2623,SO09,17,15,32,30,12,42
2624,SO14,2973,2371,5344,7025,3520,10545
2625,SO15,2718,2938,5656,12968,10008,22976
2626,SO16,4344,5333,9677,22014,17667,39681
2627,SO17,1356,1324,2680,5144,3533,8677
2628,SO18,2094,2360,4454,12741,10710,23451
2629,SO19,3334,4422,7756,18876,15633,34509
2630,SO20,271,316,587,3436,3159,6595
2631,SO21,577,715,1292,8002,7672,15674
2632,SO22,1460,1677,3137,9357,8645,18002
2633,SO23,1193,1277,2470,7275,6698,13973
2634,SO24,372,414,786,4703,4559,9262
2635,SO30,931,1114,2045,12568,12088,24656
2636,SO31,1526,1707,3233,17898,17157,35055
2637,SO32,550,630,1180,8437,8186,16623
2638,SO33,0,0,0,1,0,1
2639,SO40,1339,1690,3029,16124,14808,30932
2640,SO41,913,1021,1934,12665,12648,25313
2641,SO42,151,174,325,2050,1951,4001
2642,SO43,123,138,261,1837,1770,3607
2643,SO45,1311,1618,2929,13485,12513,25998
2644,SO50,2221,2664,4885,17244,15249,32493
2645,SO51,886,1024,1910,11453,11165,22618
2646,SO52,187,245,432,2757,2573,5330
2647,SO53,1020,1210,2230,12530,12060,24590
2648,SP01,1061,1130,2191,7715,7136,14851
2649,SP02,1614,1804,3418,10251,8981,19232
2650,SP03,366,462,828,4782,4603,9385
2651,SP04,1576,1916,3492,12881,10942,23823
2652,SP05,582,708,1290,9203,9017,18220
2653,SP06,399,406,805,5880,5725,11605
2654,SP07,497,642,1139,5639,5466,11105
2655,SP08,440,512,952,5595,5300,10895
2656,SP09,445,892,1337,3325,2433,5758
2657,SP10,2232,2918,5150,14180,11741,25921
2658,SP11,916,1227,2143,10837,9965,20802
2659,SR01,518,407,925,1214,480,1694
2660,SR02,2368,2522,4890,9996,7489,17485
2661,SR03,2078,2863,4941,12371,9826,22197
2662,SR04,2864,3739,6603,11824,8419,20243
2663,SR05,2569,3178,5747,9369,6488,15857
2664,SR06,1297,1621,2918,10744,9223,19967
2665,SR07,1587,2177,3764,9679,7496,17175
2666,SR08,2201,3040,5241,10843,8256,19099
2667,SS00,3112,3516,6628,13605,10941,24546
2668,SS01,1960,2175,4135,9106,7606,16712
2669,SS02,2580,3133,5713,11658,9520,21178
2670,SS03,1620,1988,3608,10131,9102,19233
2671,SS04,876,1083,1959,7652,7030,14682
2672,SS05,781,787,1568,8864,8175,17039
2673,SS06,1130,1356,2486,12307,11253,23560
2674,SS07,1907,2230,4137,19655,17764,37419
2675,SS08,1969,2679,4648,14355,11809,26164
2676,SS09,2225,2499,4724,18713,17138,35851
2677,SS11,651,807,1458,7176,6324,13500
2678,SS12,629,838,1467,7182,6486,13668
2679,SS13,1625,2150,3775,7813,6191,14004
2680,SS14,2027,2751,4778,8440,6505,14945
2681,SS15,2115,2799,4914,10547,8892,19439
2682,SS16,1848,2643,4491,10717,8604,19321
2683,SS17,1401,1836,3237,12699,11182,23881
2684,SS20,0,0,0,0,1,1
2685,SS25,0,0,0,1,0,1
2686,SS30,0,0,0,1,1,2
2687,SS31,0,0,0,1,0,1
2688,SS39,0,1,1,1,0,1
2689,SS50,0,0,0,1,0,1
2690,SS92,0,0,0,1,0,1
2691,SS95,1,0,1,0,0,0
2692,SS99,0,1,1,0,0,0
2693,ST00,0,0,0,1,0,1
2694,ST01,2307,2626,4933,9587,6309,15896
2695,ST02,2025,2713,4738,10450,8018,18468
2696,ST03,3664,4768,8432,22475,17548,40023
2697,ST04,3615,4147,7762,17762,13561,31323
2698,ST05,4162,4889,9051,27413,22891,50304
2699,ST06,4107,5415,9522,20265,14858,35123
2700,ST07,1957,2475,4432,20412,18089,38501
2701,ST08,664,842,1506,7719,6855,14574
2702,ST09,258,342,600,4950,4539,9489
2703,ST10,745,976,1721,9878,8748,18626
2704,ST11,283,325,608,3955,3575,7530
2705,ST12,123,126,249,1405,1371,2776
2706,ST13,954,1250,2204,10321,9053,19374
2707,ST14,796,1004,1800,7448,6456,13904
2708,ST15,662,839,1501,8287,7677,15964
2709,ST16,1697,1961,3658,10427,8599,19026
2710,ST17,1798,2235,4033,13866,12234,26100
2711,ST18,397,418,815,6984,6464,13448
2712,ST19,447,562,1009,5888,5494,11382
2713,ST20,178,231,409,2868,2629,5497
2714,ST21,117,164,281,2481,2305,4786
2715,SW00,1,1,2,1,3,4
2716,SW01,39,42,81,83,57,140
2717,SW01A,98,85,183,412,206,618
2718,SW01B,1,0,1,1,1,2
2719,SW01D,0,0,0,0,1,1
2720,SW01E,130,83,213,447,228,675
2721,SW01H,48,53,101,347,184,531
2722,SW01J,1,1,2,0,0,0
2723,SW01M,0,0,0,1,2,3
2724,SW01N,0,1,1,1,0,1
2725,SW01P,1161,1407,2568,4003,2699,6702
2726,SW01Q,1,0,1,0,0,0
2727,SW01U,0,0,0,0,1,1
2728,SW01V,2092,2430,4522,6936,5162,12098
2729,SW01W,805,951,1756,2722,2191,4913
2730,SW01X,730,868,1598,2636,2097,4733
2731,SW01Y,68,56,124,379,175,554
2732,SW01Z,1,1,2,1,0,1
2733,SW02,7177,7635,14812,15812,11649,27461
2734,SW03,2015,2554,4569,8774,7397,16171
2735,SW04,4569,4742,9311,13320,9805,23125
2736,SW05,2271,1911,4182,6006,3873,9879
2737,SW06,5789,6545,12334,21751,17883,39634
2738,SW07,2861,2391,5252,8882,6113,14995
2739,SW08,5269,5462,10731,11000,6929,17929
2740,SW09,7469,7564,15033,12444,7643,20087
2741,SW10,1950,2253,4203,6542,5313,11855
2742,SW11,6420,7422,13842,23201,18536,41737
2743,SW12,2476,2607,5083,10799,9122,19921
2744,SW13,991,1210,2201,6191,5915,12106
2745,SW14,1015,1114,2129,6544,6206,12750
2746,SW15,4964,5838,10802,22102,18726,40828
2747,SW16,10017,9692,19709,27480,20569,48049
2748,SW17,8114,7445,15559,20863,15882,36745
2749,SW18,4478,5239,9717,22560,19502,42062
2750,SW19,6356,7134,13490,31055,26070,57125
2751,SW20,1936,2241,4177,12085,10775,22860
2752,SY01,1479,1886,3365,8768,7125,15893
2753,SY02,783,1004,1787,6125,5368,11493
2754,SY03,1374,1578,2952,12184,11432,23616
2755,SY04,769,932,1701,9585,9133,18718
2756,SY05,666,675,1341,8357,7822,16179
2757,SY06,187,199,386,2866,2703,5569
2758,SY07,307,407,714,4448,4129,8577
2759,SY08,578,727,1305,7298,6619,13917
2760,SY09,76,91,167,1119,972,2091
2761,SY10,416,500,916,6330,5850,12180
2762,SY11,1095,1397,2492,9206,8112,17318
2763,SY12,274,332,606,3201,2873,6074
2764,SY13,688,767,1455,7637,6828,14465
2765,SY14,160,184,344,2643,2585,5228
2766,SY15,127,135,262,2193,2079,4272
2767,SY16,759,877,1636,5583,4805,10388
2768,SY17,86,105,191,1499,1370,2869
2769,SY18,119,153,272,1827,1564,3391
2770,SY19,19,29,48,437,380,817
2771,SY20,236,301,537,2540,2297,4837
2772,SY21,552,738,1290,6427,5735,12162
2773,SY22,228,269,497,3560,3345,6905
2774,SY23,1328,1412,2740,8617,7482,16099
2775,SY24,164,199,363,1753,1562,3315
2776,SY25,136,177,313,1743,1571,3314
2777,T96,0,0,0,0,1,1
2778,TA01,1916,2183,4099,13851,12530,26381
2779,TA02,1188,1405,2593,10325,9543,19868
2780,TA03,344,396,740,6342,6102,12444
2781,TA04,547,653,1200,7786,7578,15364
2782,TA05,293,350,643,4557,4292,8849
2783,TA06,2458,2822,5280,16598,13842,30440
2784,TA07,414,470,884,6582,6252,12834
2785,TA08,571,655,1226,6571,5803,12374
2786,TA09,532,614,1146,4956,4476,9432
2787,TA10,297,276,573,3985,3936,7921
2788,TA11,244,294,538,3744,3672,7416
2789,TA12,155,213,368,2539,2399,4938
2790,TA13,102,118,220,1709,1635,3344
2791,TA14,87,122,209,1289,1157,2446
2792,TA15,22,30,52,280,263,543
2793,TA16,46,65,111,768,683,1451
2794,TA17,6,17,23,246,267,513
2795,TA18,314,412,726,4145,3736,7881
2796,TA19,321,410,731,4663,4546,9209
2797,TA20,774,801,1575,7770,7050,14820
2798,TA21,704,846,1550,7471,6899,14370
2799,TA22,55,87,142,1104,1084,2188
2800,TA23,237,297,534,2130,1906,4036
2801,TA24,694,868,1562,6907,6277,13184
2802,TD01,826,1118,1944,6146,5278,11424
2803,TD02,80,91,171,1055,1028,2083
2804,TD03,37,34,71,417,365,782
2805,TD04,84,84,168,892,808,1700
2806,TD05,356,466,822,4307,4231,8538
2807,TD06,228,292,520,3065,2980,6045
2808,TD07,306,389,695,2718,2484,5202
2809,TD08,213,294,507,2321,2113,4434
2810,TD09,781,1044,1825,6524,5498,12022
2811,TD10,36,59,95,443,402,845
2812,TD11,219,314,533,3048,2680,5728
2813,TD12,143,172,315,1692,1559,3251
2814,TD13,34,41,75,387,369,756
2815,TD14,236,347,583,2345,2032,4377
2816,TD15,758,1030,1788,6459,5533,11992
2817,TF01,2111,2538,4649,13288,11057,24345
2818,TF02,1907,2350,4257,13557,11634,25191
2819,TF03,1716,2300,4016,7858,6204,14062
2820,TF04,900,1186,2086,6742,5834,12576
2821,TF05,198,215,413,2019,1930,3949
2822,TF06,136,166,302,2313,2112,4425
2823,TF07,1303,1684,2987,5327,4132,9459
2824,TF08,91,99,190,1244,1136,2380
2825,TF09,907,1090,1997,9949,8683,18632
2826,TF10,600,607,1207,7036,6392,13428
2827,TF11,350,360,710,4134,3751,7885
2828,TF12,216,246,462,2015,1809,3824
2829,TF13,110,119,229,1435,1453,2888
2830,TN00,0,0,0,1,0,1
2831,TN01,744,847,1591,3973,3242,7215
2832,TN02,1183,1591,2774,10418,9476,19894
2833,TN03,337,365,702,4863,4702,9565
2834,TN03O,0,0,0,1,0,1
2835,TN04,1476,1780,3256,10839,10141,20980
2836,TN05,272,341,613,3542,3543,7085
2837,TN06,840,1001,1841,10269,9649,19918
2838,TN07,67,88,155,1017,1031,2048
2839,TN08,483,587,1070,5176,4982,10158
2840,TN09,1012,1142,2154,6330,5678,12008
2841,TN10,753,863,1616,6006,5598,11604
2842,TN11,408,497,905,5653,5450,11103
2843,TN12,1016,1247,2263,11697,10869,22566
2844,TN13,973,1083,2056,9439,9230,18669
2845,TN14,491,541,1032,6349,6035,12384
2846,TN15,726,911,1637,10474,10030,20504
2847,TN16,666,741,1407,7944,7567,15511
2848,TN17,542,648,1190,5481,5275,10756
2849,TN18,224,237,461,2574,2420,4994
2850,TN19,152,190,342,2162,2013,4175
2851,TN20,131,146,277,1557,1570,3127
2852,TN21,452,587,1039,6789,6501,13290
2853,TN22,939,1129,2068,11014,10560,21574
2854,TN23,2226,2820,5046,14139,11962,26101
2855,TN24,1685,2123,3808,11628,9968,21596
2856,TN25,510,552,1062,7033,6788,13821
2857,TN26,317,359,676,4945,4663,9608
2858,TN27,353,438,791,5602,5283,10885
2859,TN28,303,391,694,3436,3065,6501
2860,TN29,534,661,1195,5374,4533,9907
2861,TN30,289,357,646,3821,3718,7539
2862,TN31,542,670,1212,5648,5126,10774
2863,TN32,187,202,389,2152,2010,4162
2864,TN33,515,520,1035,4973,4884,9857
2865,TN34,2103,2452,4555,9876,8160,18036
2866,TN35,1013,1279,2292,6244,5661,11905
2867,TN36,81,96,177,989,910,1899
2868,TN37,1320,1542,2862,6718,5470,12188
2869,TN38,1812,2220,4032,9371,7902,17273
2870,TN39,1021,1256,2277,9723,9102,18825
2871,TN40,811,1003,1814,5954,5487,11441
2872,TQ01,1914,2099,4013,11253,9515,20768
2873,TQ02,1965,2381,4346,12084,10652,22736
2874,TQ03,1491,1736,3227,11111,9874,20985
2875,TQ04,786,977,1763,7334,6601,13935
2876,TQ05,869,1031,1900,7149,6354,13503
2877,TQ06,318,428,746,3142,2792,5934
2878,TQ07,579,719,1298,6639,6454,13093
2879,TQ08,76,74,150,758,685,1443
2880,TQ09,814,903,1717,6976,7056,14032
2881,TQ10,119,172,291,1579,1547,3126
2882,TQ11,202,251,453,1584,1495,3079
2883,TQ12,2088,2470,4558,20722,19428,40150
2884,TQ13,784,840,1624,9496,9450,18946
2885,TQ14,787,939,1726,7402,6904,14306
2886,TR01,1104,1374,2478,7372,6906,14278
2887,TR02,272,368,640,4044,3903,7947
2888,TR03,367,428,795,5129,4909,10038
2889,TR04,360,429,789,4735,4497,9232
2890,TR05,149,153,302,1604,1595,3199
2891,TR06,144,171,315,1520,1373,2893
2892,TR07,1207,1309,2516,8080,7091,15171
2893,TR08,283,325,608,3763,3425,7188
2894,TR09,272,404,676,3158,2840,5998
2895,TR10,503,581,1084,3570,3184,6754
2896,TR11,1342,1498,2840,9972,9379,19351
2897,TR12,289,318,607,3785,3421,7206
2898,TR13,681,866,1547,7680,7245,14925
2899,TR14,1300,1451,2751,9126,7840,16966
2900,TR15,1019,1111,2130,7192,6311,13503
2901,TR16,489,614,1103,6202,5846,12048
2902,TR17,72,86,158,578,531,1109
2903,TR18,1189,1388,2577,6449,5586,12035
2904,TR19,413,467,880,3443,3226,6669
2905,TR20,309,336,645,3857,3628,7485
2906,TR21,78,111,189,590,479,1069
2907,TR22,7,7,14,26,21,47
2908,TR23,5,5,10,34,26,60
2909,TR24,4,6,10,50,30,80
2910,TR25,7,4,11,49,41,90
2911,TR26,583,655,1238,4088,3755,7843
2912,TR27,625,766,1391,5624,5167,10791
2913,TS01,2110,1668,3778,3163,1342,4505
2914,TS02,132,127,259,231,126,357
2915,TS02O,0,0,0,1,0,1
2916,TS03,2555,3211,5766,6709,4448,11157
2917,TS04,1470,1735,3205,4601,3276,7877
2918,TS05,2094,2591,4685,13550,11352,24902
2919,TS06,1873,2508,4381,9412,7279,16691
2920,TS07,667,948,1615,8720,7789,16509
2921,TS08,975,1358,2333,7228,6453,13681
2922,TS09,283,383,666,5350,5023,10373
2923,TS10,1912,2518,4430,12409,10242,22651
2924,TS11,411,557,968,4488,3926,8414
2925,TS12,971,1291,2262,7920,6754,14674
2926,TS13,537,705,1242,3402,2542,5944
2927,TS14,600,797,1397,6729,5990,12719
2928,TS15,388,383,771,5626,5170,10796
2929,TS16,322,445,767,4043,3752,7795
2930,TS17,1978,2557,4535,15367,13385,28752
2931,TS18,1506,1643,3149,7936,6396,14332
2932,TS19,2094,2860,4954,11350,9462,20812
2933,TS20,1041,1313,2354,6708,5561,12269
2934,TS21,360,453,813,4991,4458,9449
2935,TS22,189,245,434,3735,3374,7109
2936,TS23,1612,2111,3723,9535,7976,17511
2937,TS24,1536,1866,3402,5967,4307,10274
2938,TS25,1984,2621,4605,12147,9895,22042
2939,TS26,1193,1332,2525,8474,7492,15966
2940,TS27,466,628,1094,4410,3928,8338
2941,TS28,237,320,557,1756,1465,3221
2942,TS29,290,397,687,2060,1638,3698
2943,TS90,0,0,0,1,0,1
2944,TW00,0,0,0,0,1,1
2945,TW01,1426,1689,3115,10225,9318,19543
2946,TW02,1709,1959,3668,11365,10346,21711
2947,TW02O,0,0,0,1,0,1
2948,TW03,7342,5635,12977,14813,8928,23741
2949,TW04,4956,4170,9126,10454,6221,16675
2950,TW05,4518,3895,8413,11798,7675,19473
2951,TW06,10,2,12,29,11,40
2952,TW07,3223,3810,7033,14170,11089,25259
2953,TW08,1962,2311,4273,7616,5635,13251
2954,TW09,1432,1697,3129,8938,8052,16990
2955,TW10,1358,1578,2936,7751,6961,14712
2956,TW11,1265,1518,2783,9047,8486,17533
2957,TW12,1288,1514,2802,8795,8316,17111
2958,TW13,3138,3841,6979,12780,9150,21930
2959,TW14,2807,3228,6035,10493,7313,17806
2960,TW15,1152,1334,2486,11346,9997,21343
2961,TW16,919,1137,2056,8327,7369,15696
2962,TW17,506,549,1055,6068,5672,11740
2963,TW18,1179,1264,2443,10320,9254,19574
2964,TW19,940,1177,2117,6973,5742,12715
2965,TW20,1457,1489,2946,8528,7329,15857
2966,UB00,0,0,0,1,0,1
2967,UB01,9207,6595,15802,14279,8066,22345
2968,UB01O,0,0,0,0,1,1
2969,UB02,6735,4987,11722,11427,6818,18245
2970,UB03,6327,6472,12799,18384,11705,30089
2971,UB04,4328,4356,8684,14436,10380,24816
2972,UB05,4848,5808,10656,16011,11380,27391
2973,UB06,5879,5688,11567,20587,13719,34306
2974,UB07,2708,3167,5875,11302,8128,19430
2975,UB08,2613,2772,5385,11527,8815,20342
2976,UB09,675,754,1429,6005,5410,11415
2977,UB10,1904,2308,4212,13558,11726,25284
2978,UB11,3,0,3,12,4,16
2979,UNKNOWN,1699,1417,3116,29849,21254,51103
2980,W01,41,32,73,82,45,127
2981,W01A,112,35,147,120,48,168
2982,W01B,61,68,129,320,184,504
2983,W01C,14,5,19,17,1,18
2984,W01D,204,114,318,418,168,586
2985,W01E,2,0,2,3,0,3
2986,W01F,149,129,278,515,225,740
2987,W01G,219,227,446,1101,780,1881
2988,W01H,859,726,1585,2291,1540,3831
2989,W01J,205,161,366,830,472,1302
2990,W01K,364,372,736,1146,686,1832
2991,W01M,78,62,140,90,64,154
2992,W01N,61,70,131,124,57,181
2993,W01O,0,1,1,0,0,0
2994,W01P,74,71,145,110,44,154
2995,W01R,64,15,79,66,11,77
2996,W01S,44,29,73,140,62,202
2997,W01T,433,328,761,1110,595,1705
2998,W01U,493,511,1004,1784,1208,2992
2999,W01V,98,62,160,119,52,171
3000,W01W,400,411,811,1067,677,1744
3001,W01X,62,22,84,140,58,198
3002,W01Y,71,58,129,143,74,217
3003,W02,7183,6491,13674,16905,10747,27652
3004,W02H,1,0,1,0,0,0
3005,W03,6654,6504,13158,20732,14363,35095
3006,W04,3377,3948,7325,17367,15030,32397
3007,W05,4414,4631,9045,20927,16720,37647
3008,W06,3771,3849,7620,11089,8678,19767
3009,W07,3065,3344,6409,10019,8099,18118
3010,W08,2023,2477,4500,8294,6996,15290
3011,W09,4466,4850,9316,12491,9209,21700
3012,W10,4534,5135,9669,9203,6714,15917
3013,W11,3811,4232,8043,10333,8235,18568
3014,W12,6689,6766,13455,14424,9979,24403
3015,W13,3204,3280,6484,12564,9890,22454
3016,W14,4427,4795,9222,12778,9759,22537
3017,W15,4,1,5,10,4,14
3018,W16,5,1,6,1,3,4
3019,W17,10,7,17,15,10,25
3020,W18,3,2,5,1,3,4
3021,W19,3,7,10,8,3,11
3022,W20,0,0,0,0,1,1
3023,W21,0,3,3,0,0,0
3024,W22,3,1,4,6,1,7
3025,W23,0,1,1,0,0,0
3026,W24,0,0,0,1,0,1
3027,W26,0,1,1,0,1,1
3028,W27,0,0,0,1,0,1
3029,W28,0,1,1,1,0,1
3030,W30,0,0,0,1,0,1
3031,W32,1,0,1,1,0,1
3032,W38,0,0,0,1,0,1
3033,W43,0,0,0,0,1,1
3034,WA01,1076,1172,2248,8280,7018,15298
3035,WA02,2498,3110,5608,13137,10524,23661
3036,WA03,1795,2401,4196,17480,15614,33094
3037,WA04,1776,2122,3898,18713,17165,35878
3038,WA05,2693,3374,6067,22341,19608,41949
3039,WA06,625,713,1338,7815,7327,15142
3040,WA07,4129,5493,9622,20389,16387,36776
3041,WA08,3427,4495,7922,21506,17667,39173
3042,WA09,3117,4040,7157,15455,11870,27325
3043,WA10,2101,2520,4621,12911,10675,23586
3044,WA11,1770,2416,4186,14727,12540,27267
3045,WA12,1205,1544,2749,7992,6550,14542
3046,WA13,372,412,784,5214,5076,10290
3047,WA14,1417,1428,2845,11416,10463,21879
3048,WA15,1791,1870,3661,16887,15667,32554
3049,WA16,818,839,1657,9782,9292,19074
3050,WC01,20,27,47,38,21,59
3051,WC01A,108,102,210,313,134,447
3052,WC01B,191,224,415,409,257,666
3053,WC01E,244,230,474,479,319,798
3054,WC01G,0,1,1,0,0,0
3055,WC01H,956,876,1832,1826,973,2799
3056,WC01M,0,1,1,1,0,1
3057,WC01N,771,741,1512,1829,1119,2948
3058,WC01P,0,0,0,1,0,1
3059,WC01Q,1,0,1,0,0,0
3060,WC01R,45,40,85,183,104,287
3061,WC01S,1,0,1,0,0,0
3062,WC01V,50,38,88,92,45,137
3063,WC01X,998,943,1941,1915,1163,3078
3064,WC01Y,0,1,1,2,0,2
3065,WC01Z,2,1,3,0,0,0
3066,WC02,9,3,12,21,5,26
3067,WC02A,12,11,23,97,54,151
3068,WC02B,190,168,358,502,247,749
3069,WC02E,72,50,122,230,102,332
3070,WC02H,417,290,707,826,374,1200
3071,WC02N,90,52,142,245,118,363
3072,WC02R,32,24,56,114,53,167
3073,WC02V,0,0,0,0,1,1
3074,WC02Z,0,0,0,0,1,1
3075,WC04,1,0,1,0,0,0
3076,WC07H,0,0,0,1,0,1
3077,WC12,1,0,1,0,0,0
3078,WC13,0,2,2,2,0,2
3079,WC14,3,1,4,1,2,3
3080,WC18,1,0,1,0,0,0
3081,WC19,1,1,2,0,0,0
3082,WC23,0,0,0,2,0,2
3083,WC24,2,0,2,4,2,6
3084,WC28,1,0,1,0,2,2
3085,WC44,0,0,0,1,0,1
3086,WC78,1,0,1,0,0,0
3087,WD01,64,58,122,176,118,294
3088,WD02,108,77,185,255,135,390
3089,WD03,1637,1817,3454,16671,16100,32771
3090,WD04,356,383,739,4655,4431,9086
3091,WD05,472,505,977,4458,4237,8695
3092,WD06,2371,2851,5222,14600,12283,26883
3093,WD07,480,521,1001,5313,5114,10427
3094,WD17,1014,1141,2155,6702,5515,12217
3095,WD18,2321,2640,4961,8860,6202,15062
3096,WD19,1528,1849,3377,10206,9238,19444
3097,WD22,0,0,0,0,1,1
3098,WD23,1144,1350,2494,10198,9960,20158
3099,WD24,1619,1856,3475,8510,6630,15140
3100,WD25,1498,1886,3384,10790,9528,20318
3101,WF00,0,0,0,1,0,1
3102,WF01,2522,2809,5331,11305,8078,19383
3103,WF02,2792,3701,6493,16929,13881,30810
3104,WF03,1375,1885,3260,12403,10964,23367
3105,WF04,1795,2468,4263,16001,13794,29795
3106,WF05,872,1164,2036,7649,6715,14364
3107,WF06,1180,1565,2745,7355,5845,13200
3108,WF07,1005,1507,2512,7250,6010,13260
3109,WF08,1633,2144,3777,11387,9445,20832
3110,WF09,2487,3245,5732,12815,9749,22564
3111,WF10,2696,3798,6494,15401,11733,27134
3112,WF11,985,1338,2323,5632,4404,10036
3113,WF12,2047,2765,4812,11112,8319,19431
3114,WF13,2060,2665,4725,7639,4980,12619
3115,WF14,746,1014,1760,7300,6582,13882
3116,WF15,810,1074,1884,6187,5309,11496
3117,WF16,722,929,1651,3935,2832,6767
3118,WF17,2575,3557,6132,13614,9650,23264
3119,WF21,0,0,0,1,0,1
3120,WN00,0,0,0,1,0,1
3121,WN01,1064,1205,2269,6745,5275,12020
3122,WN02,2426,3331,5757,17601,14195,31796
3123,WN03,1369,1911,3280,10870,8843,19713
3124,WN04,1191,1529,2720,10386,8815,19201
3125,WN05,2234,2719,4953,14855,11971,26826
3126,WN06,1602,1946,3548,14755,12926,27681
3127,WN07,2669,3275,5944,15682,12367,28049
3128,WN08,3173,4066,7239,14978,12104,27082
3129,WR00,0,0,0,1,0,1
3130,WR01,676,640,1316,3191,2417,5608
3131,WR02,1217,1389,2606,10725,9508,20233
3132,WR03,812,962,1774,7951,7196,15147
3133,WR04,1482,2000,3482,8555,7199,15754
3134,WR05,1390,1747,3137,11857,10479,22336
3135,WR06,347,366,713,5540,5307,10847
3136,WR07,109,111,220,2485,2349,4834
3137,WR08,235,238,473,3439,3289,6728
3138,WR09,1245,1516,2761,12000,11183,23183
3139,WR10,522,690,1212,7491,7110,14601
3140,WR11,1707,2063,3770,17136,15049,32185
3141,WR12,169,190,359,2411,2296,4707
3142,WR13,238,239,477,3591,3509,7100
3143,WR14,1695,2006,3701,12668,11642,24310
3144,WR15,263,259,522,2952,2677,5629
3145,WS01,2287,2801,5088,7459,4589,12048
3146,WS02,3042,4189,7231,10662,6825,17487
3147,WS03,3269,4225,7494,15395,11698,27093
3148,WS04,890,1077,1967,5967,4944,10911
3149,WS05,992,1486,2478,7670,6501,14171
3150,WS06,580,811,1391,6848,5850,12698
3151,WS07,992,1302,2294,11418,9989,21407
3152,WS08,810,998,1808,5416,4398,9814
3153,WS09,969,1192,2161,9903,8796,18699
3154,WS10,3249,4300,7549,13711,9760,23471
3155,WS11,1860,2451,4311,15118,12833,27951
3156,WS12,1210,1651,2861,12911,11158,24069
3157,WS13,1109,1330,2439,9362,8328,17690
3158,WS14,579,594,1173,7041,6605,13646
3159,WS15,1590,2008,3598,14025,12271,26296
3160,WV00,0,1,1,1,0,1
3161,WV01,1813,1780,3593,4188,2516,6704
3162,WV02,1855,1934,3789,4318,2767,7085
3163,WV03,1881,2175,4056,9994,8077,18071
3164,WV04,1717,2340,4057,12028,9827,21855
3165,WV05,411,572,983,6055,5512,11567
3166,WV06,2551,3027,5578,15770,13407,29177
3167,WV07,353,266,619,2264,2030,4294
3168,WV08,694,998,1692,5477,4950,10427
3169,WV09,273,408,681,2691,2342,5033
3170,WV10,4212,5644,9856,16577,12678,29255
3171,WV11,1940,2511,4451,11669,9072,20741
3172,WV12,1257,1682,2939,8732,7091,15823
3173,WV13,1443,1892,3335,6510,4935,11445
3174,WV14,3016,4004,7020,14502,11039,25541
3175,WV15,247,320,567,3455,3030,6485
3176,WV16,505,641,1146,6879,6226,13105
3177,X10,0,0,0,1,0,1
3178,YL55,0,0,0,0,1,1
3179,YO00,0,0,0,1,0,1
3180,YO01,324,335,659,1355,983,2338
3181,YO01O,0,0,0,1,0,1
3182,YO02,35,42,77,107,50,157
3183,YO03,40,32,72,110,78,188
3184,YO04,13,14,27,135,104,239
3185,YO05,8,10,18,41,31,72
3186,YO06,19,30,49,137,83,220
3187,YO07,617,775,1392,7886,7136,15022
3188,YO08,1776,2399,4175,16813,14621,31434
3189,YO09,2,1,3,0,2,2
3190,YO10,1465,1725,3190,7016,5911,12927
3191,YO11,1334,1557,2891,7225,5581,12806
3192,YO12,2119,2680,4799,13174,11061,24235
3193,YO13,221,297,518,4150,4027,8177
3194,YO14,376,586,962,4340,3746,8086
3195,YO15,728,785,1513,4745,3703,8448
3196,YO16,1097,1505,2602,8698,6969,15667
3197,YO17,764,932,1696,8462,7524,15986
3198,YO18,319,409,728,4500,4152,8652
3199,YO19,349,446,795,5004,4749,9753
3200,YO20,0,0,0,0,1,1
3201,YO21,525,588,1113,5425,4764,10189
3202,YO22,368,433,801,3204,2840,6044
3203,YO23,774,973,1747,7041,6686,13727
3204,YO24,1621,2210,3831,9993,8936,18929
3205,YO25,1012,1340,2352,13172,11929,25101
3206,YO26,1390,1818,3208,10640,9525,20165
3207,YO29,0,0,0,1,0,1
3208,YO30,1376,1701,3077,8731,7781,16512
3209,YO31,1468,1907,3375,8689,7504,16193
3210,YO32,971,1323,2294,10754,10217,20971
3211,YO34,0,0,0,1,1,2
3212,YO41,227,368,595,4309,4060,8369
3213,YO42,458,592,1050,5785,5422,11207
3214,YO43,322,431,753,4971,4610,9581
3215,YO45,0,0,0,0,1,1
3216,YO51,146,193,339,2248,2122,4370
3217,YO60,111,116,227,1949,1897,3846
3218,YO61,368,470,838,5633,5478,11111
3219,YO62,369,376,745,4762,4399,9161
3220,YO69,0,0,0,1,0,1
3221,ZE00,0,1,1,0,1,1
3222,ZE01,429,564,993,2763,2252,5015
3223,ZE02,610,838,1448,5511,4782,10293
3224,ZE03,21,28,49,167,139,306
